0.0 0.5 0.0 0.33237600000024964 0.0 0.6676239999997502 5.551115123125783E-17 0.0 -5.551115123125783E-17
0.0 0.5 0.05263157894736842 0.9141360000008315 0.0 0.08586399999916851 0.0 0.0 -8.673617379884035E-19
0.0 0.5 0.10526315789473684 0.9891040000009065 0.0 0.010895999999093518 -2.220446049250313E-16 0.0 4.0657581468206416E-20
0.0 0.5 0.15789473684210525 0.9985880000009161 0.0 0.001411999999084035 -3.3306690738754696E-16 0.0 -8.470329472543003E-22
0.0 0.5 0.21052631578947367 0.9997760000009172 0.0 2.239999990828468E-4 2.220446049250313E-16 0.0 -1.9852334701272664E-23
0.0 0.5 0.2631578947368421 0.9999720000009172 0.0 2.7999999082650717E-5 4.440892098500626E-16 0.0 -1.0339757656912846E-25
0.0 0.5 0.3157894736842105 0.9999880000009175 0.0 1.1999999082634714E-5 -2.220446049250313E-16 0.0 2.5849394142282115E-26
0.0 0.5 0.3684210526315789 1.000000000000917 0.0 -9.172662629453043E-13 6.661338147750939E-16 0.0 0.0
0.0 0.5 0.42105263157894735 1.000000000000917 0.0 -9.172662629453043E-13 6.661338147750939E-16 0.0 0.0
0.0 0.5 0.47368421052631576 1.000000000000917 0.0 -9.172662629453043E-13 6.661338147750939E-16 0.0 0.0
0.0 0.5 0.5263157894736842 1.000000000000917 0.0 -9.172662629453043E-13 6.661338147750939E-16 0.0 0.0
0.0 0.5 0.5789473684210527 1.000000000000917 0.0 -9.172662629453043E-13 6.661338147750939E-16 0.0 0.0
0.0 0.5 0.631578947368421 1.000000000000917 0.0 -9.172662629453043E-13 6.661338147750939E-16 0.0 0.0
0.0 0.5 0.6842105263157895 1.000000000000917 0.0 -9.172662629453043E-13 6.661338147750939E-16 0.0 0.0
0.0 0.5 0.7368421052631579 1.000000000000917 0.0 -9.172662629453043E-13 6.661338147750939E-16 0.0 0.0
0.0 0.5 0.7894736842105263 1.000000000000917 0.0 -9.172662629453043E-13 6.661338147750939E-16 0.0 0.0
0.0 0.5 0.8421052631578947 1.000000000000917 0.0 -9.172662629453043E-13 6.661338147750939E-16 0.0 0.0
0.0 0.5 0.8947368421052632 1.000000000000917 0.0 -9.172662629453043E-13 6.661338147750939E-16 0.0 0.0
0.0 0.5 0.9473684210526315 1.000000000000917 0.0 -9.172662629453043E-13 6.661338147750939E-16 0.0 0.0
0.0 0.5 1.0 1.000000000000917 0.0 -9.172662629453043E-13 6.661338147750939E-16 0.0 0.0

0.05263157894736842 0.5 0.0 0.29828000000021565 0.0 0.7017199999997844 -1.3877787807814457E-17 0.0 -2.220446049250313E-16
0.05263157894736842 0.5 0.05263157894736842 0.9074160000008248 0.0 0.09258399999917523 0.0 0.0 -3.469446951953614E-18
0.05263157894736842 0.5 0.10526315789473684 0.9871120000009047 0.0 0.012887999999095512 -4.440892098500626E-16 0.0 5.421010862427522E-20
0.05263157894736842 0.5 0.15789473684210525 0.9983240000009155 0.0 0.0016759999990842993 3.3306690738754696E-16 0.0 -1.2705494208814505E-21
0.05263157894736842 0.5 0.21052631578947367 0.9997040000009171 0.0 2.9599999908291874E-4 0.0 0.0 0.0
0.05263157894736842 0.5 0.2631578947368421 0.9999760000009174 0.0 2.399999908264672E-5 2.220446049250313E-16 0.0 -2.0679515313825692E-25
0.05263157894736842 0.5 0.3157894736842105 0.9999920000009176 0.0 7.999999082630715E-6 -6.661338147750939E-16 0.0 1.2924697071141057E-26
0.05263157894736842 0.5 0.3684210526315789 0.9999960000009176 0.0 3.999999082626714E-6 -3.3306690738754696E-16 0.0 6.462348535570529E-27
0.05263157894736842 0.5 0.42105263157894735 1.000000000000917 0.0 -9.172662629453043E-13 6.661338147750939E-16 0.0 0.0
0.05263157894736842 0.5 0.47368421052631576 1.000000000000917 0.0 -9.172662629453043E-13 6.661338147750939E-16 0.0 0.0
0.05263157894736842 0.5 0.5263157894736842 1.000000000000917 0.0 -9.172662629453043E-13 6.661338147750939E-16 0.0 0.0
0.05263157894736842 0.5 0.5789473684210527 1.000000000000917 0.0 -9.172662629453043E-13 6.661338147750939E-16 0.0 0.0
0.05263157894736842 0.5 0.631578947368421 1.000000000000917 0.0 -9.172662629453043E-13 6.661338147750939E-16 0.0 0.0
0.05263157894736842 0.5 0.6842105263157895 0.9999960000009176 4.0E-6 -9.173732847111568E-13 -3.3306690738754696E-16 0.0 3.6734198463196485E-40
0.05263157894736842 0.5 0.7368421052631579 1.000000000000917 0.0 -9.172662629453043E-13 6.661338147750939E-16 0.0 0.0
0.05263157894736842 0.5 0.7894736842105263 0.9999960000009176 0.0 3.999999082626714E-6 -3.3306690738754696E-16 0.0 6.462348535570529E-27
0.05263157894736842 0.5 0.8421052631578947 1.000000000000917 0.0 -9.172662629453043E-13 6.661338147750939E-16 0.0 0.0
0.05263157894736842 0.5 0.8947368421052632 1.000000000000917 0.0 -9.172662629453043E-13 6.661338147750939E-16 0.0 0.0
0.05263157894736842 0.5 0.9473684210526315 0.9999960000009176 0.0 3.999999082626714E-6 -3.3306690738754696E-16 0.0 6.462348535570529E-27
0.05263157894736842 0.5 1.0 1.000000000000917 0.0 -9.172662629453043E-13 6.661338147750939E-16 0.0 0.0

0.10526315789473684 0.5 0.0 0.26409200000018146 0.0 0.7359079999998186 0.0 0.0 -1.1102230246251565E-16
0.10526315789473684 0.5 0.05263157894736842 0.8992800000008168 0.0 0.10071999999918337 -3.3306690738754696E-16 0.0 -3.469446951953614E-18
0.10526315789473684 0.5 0.10526315789473684 0.9859360000009033 0.0 0.014063999999096684 -2.220446049250313E-16 0.0 1.3552527156068805E-19
0.10526315789473684 0.5 0.15789473684210525 0.9976520000009149 0.0 0.002347999999084971 0.0 0.0 0.0
0.10526315789473684 0.5 0.21052631578947367 0.9994760000009171 1.2000000000000002E-5 5.119999990831467E-4 -6.661338147750939E-16 -5.169878828456423E-26 1.0587911840678754E-22
0.10526315789473684 0.5 0.2631578947368421 0.9998920000009172 0.0 1.0799999908273072E-4 1.1102230246251565E-16 0.0 -3.3087224502121107E-24
0.10526315789473684 0.5 0.3157894736842105 0.9999480000009174 0.0 5.199999908267473E-5 -2.220446049250313E-16 0.0 -8.271806125530277E-25
0.10526315789473684 0.5 0.3684210526315789 0.9999320000009172 8.0E-6 5.999999908269072E-5 2.220446049250313E-16 0.0 -8.271806125530277E-25
0.10526315789473684 0.5 0.42105263157894735 0.9999400000009173 1.2000000000000002E-5 4.799999908268272E-5 -2.220446049250313E-16 -5.169878828456423E-26 0.0
0.10526315789473684 0.5 0.47368421052631576 0.9999720000009172 1.6E-5 1.1999999082650718E-5 4.440892098500626E-16 0.0 0.0
0.10526315789473684 0.5 0.5263157894736842 0.9999840000009174 0.0 1.5999999082638716E-5 0.0 0.0 0.0
0.10526315789473684 0.5 0.5789473684210527 0.9999000000009173 7.6E-5 2.399999908272271E-5 0.0 1.6543612251060553E-24 -1.0339757656912846E-25
0.10526315789473684 0.5 0.631578947368421 0.9999320000009172 2.8E-5 3.9999999082690725E-5 2.220446049250313E-16 -3.101927297073854E-25 -4.1359030627651384E-25
0.10526315789473684 0.5 0.6842105263157895 0.9999520000009176 1.6E-5 3.199999908267073E-5 -3.3306690738754696E-16 0.0 -4.1359030627651384E-25
0.10526315789473684 0.5 0.7368421052631579 0.9999360000009173 4.800000000000001E-5 1.5999999082686712E-5 2.220446049250313E-16 0.0 0.0
0.10526315789473684 0.5 0.7894736842105263 0.9999440000009173 3.6E-5 1.9999999082678715E-5 -1.1102230246251565E-16 2.0679515313825692E-25 1.550963648536927E-25
0.10526315789473684 0.5 0.8421052631578947 0.999888000000917 7.2E-5 3.99999990827347E-5 4.440892098500626E-16 1.6543612251060553E-24 6.203854594147708E-25
0.10526315789473684 0.5 0.8947368421052632 0.9999280000009171 3.6E-5 3.5999999082694713E-5 2.220446049250313E-16 2.0679515313825692E-25 4.1359030627651384E-25
0.10526315789473684 0.5 0.9473684210526315 0.9999480000009174 4.000000000000002E-5 1.1999999082674718E-5 -2.220446049250313E-16 -8.271806125530277E-25 -5.169878828456423E-26
0.10526315789473684 0.5 1.0 0.9999160000009175 5.200000000000002E-5 3.199999908270671E-5 -2.220446049250313E-16 0.0 2.0679515313825692E-25

0.15789473684210525 0.5 0.0 0.23592800000015335 0.0 0.7640719999998468 -1.3877787807814457E-17 0.0 0.0
0.15789473684210525 0.5 0.05263157894736842 0.8928336000008105 0.0 0.10716639999918981 3.839595308363641E-12 0.0 3.839997764210068E-12
0.15789473684210525 0.5 0.10526315789473684 0.983692000000901 2.4000000000000004E-5 0.016283999999098932 4.440892098500626E-16 -3.101927297073854E-25 0.0
0.15789473684210525 0.5 0.15789473684210525 0.9966680000009142 6.400000000000001E-5 0.0032679999990859556 -1.1102230246251565E-16 8.271806125530277E-25 -3.3881317890172014E-21
0.15789473684210525 0.5 0.21052631578947367 0.9988000000009163 8.000000000000003E-5 0.0011199999990838228 -3.3306690738754696E-16 -1.6543612251060553E-24 2.1175823681357508E-22
0.15789473684210525 0.5 0.2631578947368421 0.9990800000009163 1.8399999999999986E-4 7.359999990835429E-4 1.1102230246251565E-16 0.0 0.0
0.15789473684210525 0.5 0.3157894736842105 0.9991320000009164 2.1199999999999976E-4 6.559999990834911E-4 2.220446049250313E-16 0.0 -1.0587911840678754E-22
0.15789473684210525 0.5 0.3684210526315789 0.9989960000009166 2.9999999999999954E-4 7.039999990836274E-4 -2.220446049250313E-16 1.3234889800848443E-23 -2.1175823681357508E-22
0.15789473684210525 0.5 0.42105263157894735 0.9991480000009166 2.3999999999999965E-4 6.119999990834749E-4 -1.1102230246251565E-16 2.6469779601696886E-23 1.5881867761018131E-22
0.15789473684210525 0.5 0.47368421052631576 0.9986520000009159 5.11999999999999E-4 8.359999990839716E-4 0.0 -5.293955920339377E-23 2.1175823681357508E-22
0.15789473684210525 0.5 0.5263157894736842 0.9991720000009164 2.9999999999999954E-4 5.279999990834512E-4 1.1102230246251565E-16 1.3234889800848443E-23 1.5881867761018131E-22
0.15789473684210525 0.5 0.5789473684210527 0.998392000000916 7.639999999999981E-4 8.439999990842328E-4 -4.440892098500626E-16 3.1763735522036263E-22 -4.2351647362715017E-22
0.15789473684210525 0.5 0.631578947368421 0.998664000000916 7.199999999999983E-4 6.159999990839605E-4 -1.1102230246251565E-16 1.0587911840678754E-22 -1.0587911840678754E-22
0.15789473684210525 0.5 0.6842105263157895 0.9984280000009159 8.59999999999998E-4 7.11999999084197E-4 -2.220446049250313E-16 2.1175823681357508E-22 -4.2351647362715017E-22
0.15789473684210525 0.5 0.7368421052631579 0.9989000000009163 5.759999999999988E-4 5.239999990837241E-4 1.1102230246251565E-16 -5.293955920339377E-23 -1.0587911840678754E-22
0.15789473684210525 0.5 0.7894736842105263 0.9981760000009156 9.679999999999976E-4 8.55999999084449E-4 1.1102230246251565E-16 2.1175823681357508E-22 0.0
0.15789473684210525 0.5 0.8421052631578947 0.9981320000009154 0.0011040000000000008 7.639999990844901E-4 0.0 2.1175823681357508E-22 -1.0587911840678754E-22
0.15789473684210525 0.5 0.8947368421052632 0.9981000000009155 0.0011840000000000028 7.159999990845202E-4 2.220446049250313E-16 0.0 -2.1175823681357508E-22
0.15789473684210525 0.5 0.9473684210526315 0.9980560000009154 0.0012160000000000035 7.279999990845632E-4 0.0 0.0 1.0587911840678754E-22
0.15789473684210525 0.5 1.0 0.9977640000009149 0.0014720000000000098 7.63999999084849E-4 2.220446049250313E-16 0.0 2.1175823681357508E-22

0.21052631578947367 0.5 0.0 0.20907200000012646 0.0 0.7909279999998734 1.3877787807814457E-17 0.0 0.0
0.21052631578947367 0.5 0.05263157894736842 0.8864160000008038 0.0 0.11358399999919623 0.0 0.0 -3.469446951953614E-18
0.21052631578947367 0.5 0.10526315789473684 0.9796760000008973 1.599999999999999E-4 0.02016399999910295 -3.3306690738754696E-16 9.926167350636332E-24 0.0
0.21052631578947367 0.5 0.15789473684210525 0.9933640000009105 3.7599999999999933E-4 0.00625999999908926 4.440892098500626E-16 0.0 6.776263578034403E-21
0.21052631578947367 0.5 0.21052631578947367 0.9951520000009128 6.999999999999985E-4 0.004147999999087473 -3.3306690738754696E-16 -1.0587911840678754E-22 -3.3881317890172014E-21
0.21052631578947367 0.5 0.2631578947368421 0.9930360000009106 0.0018640000000000193 0.005099999999089566 -6.661338147750939E-16 4.2351647362715017E-22 1.0164395367051604E-20
0.21052631578947367 0.5 0.3157894736842105 0.9924840000009096 0.0021560000000000264 0.0053599999990901126 6.661338147750939E-16 0.0 1.6940658945086007E-20
0.21052631578947367 0.5 0.3684210526315789 0.9917120000009093 0.003068000000000048 0.005219999999090864 -3.3306690738754696E-16 1.6940658945086007E-21 -3.3881317890172014E-21
0.21052631578947367 0.5 0.42105263157894735 0.9896000000009071 0.004108000000000051 0.006291999999092972 -2.220446049250313E-16 1.0164395367051604E-20 6.776263578034403E-21
0.21052631578947367 0.5 0.47368421052631576 0.9892720000009069 0.004903999999999985 0.005823999999093367 -4.440892098500626E-16 0.0 0.0
0.21052631578947367 0.5 0.5263157894736842 0.9863684000009035 0.0068075999999998235 0.006823999999096431 1.4402923298462156E-12 1.4400000289405135E-12 -6.776263578034403E-21
0.21052631578947367 0.5 0.5789473684210527 0.9853200000009026 0.0076399999999997555 0.00703999999909755 0.0 -2.710505431213761E-20 0.0
0.21052631578947367 0.5 0.631578947368421 0.9842212000009016 0.008291999999999803 0.007486799999098602 9.760192654084676E-12 0.0 9.759999964253571E-12
0.21052631578947367 0.5 0.6842105263157895 0.9823216000008995 0.009971200000000026 0.007707199999100277 3.840594509085804E-12 2.560000022838911E-12 2.5599999957338568E-12
0.21052631578947367 0.5 0.7368421052631579 0.9818320000008994 0.010460000000000089 0.007707999999100703 -3.3306690738754696E-16 4.0657581468206416E-20 -4.0657581468206416E-20
0.21052631578947367 0.5 0.7894736842105263 0.9813048000008987 0.010947200000000155 0.007747999999101163 2.559952250180686E-12 2.560000009286384E-12 2.710505431213761E-20
0.21052631578947367 0.5 0.8421052631578947 0.9784240000008958 0.013116000000000445 0.008459999999103757 0.0 -8.131516293641283E-20 -1.3552527156068805E-20
0.21052631578947367 0.5 0.8947368421052632 0.9790388000008965 0.013025200000000433 0.007935999999103154 3.3598679394231112E-12 3.3599999681426657E-12 1.3552527156068805E-20
0.21052631578947367 0.5 0.9473684210526315 0.9775320000008948 0.014440000000000617 0.008027999999104475 3.3306690738754696E-16 8.131516293641283E-20 -4.0657581468206416E-20
0.21052631578947367 0.5 1.0 0.9760172000008934 0.015572000000000766 0.008410799999105838 3.3599789617255738E-12 1.0842021724855044E-19 3.35999999524772E-12

0.2631578947368421 0.5 0.0 0.1889120000001063 0.0 0.8110879999998936 0.0 0.0 0.0
0.2631578947368421 0.5 0.05263157894736842 0.8792720000007969 1.2000000000000002E-5 0.12071599999920335 -2.220446049250313E-16 -5.169878828456423E-26 3.469446951953614E-18
0.2631578947368421 0.5 0.10526315789473684 0.975508000000893 3.159999999999995E-4 0.024175999999107124 -2.220446049250313E-16 2.6469779601696886E-23 -3.2526065174565133E-19
0.2631578947368421 0.5 0.15789473684210525 0.9844480000009016 0.0018000000000000177 0.013751999999098156 5.551115123125783E-16 8.470329472543003E-22 8.131516293641283E-20
0.2631578947368421 0.5 0.21052631578947367 0.979616000000897 0.004228000000000041 0.01615599999910297 -2.220446049250313E-16 3.3881317890172014E-21 -1.0842021724855044E-19
0.2631578947368421 0.5 0.2631578947368421 0.9723800000008898 0.007831999999999742 0.0197879999991105 -2.220446049250313E-16 -1.3552527156068805E-20 2.710505431213761E-19
0.2631578947368421 0.5 0.3157894736842105 0.96243200000088 0.013124800000000447 0.024443199999119754 -2.220446049250313E-16 2.5599999008661667E-12 2.5599996298156236E-12
0.2631578947368421 0.5 0.3684210526315789 0.9557360000008731 0.01685640000000094 0.027407599999125957 1.1102230246251565E-16 1.4399999205202962E-12 1.4399997036798617E-12
0.2631578947368421 0.5 0.42105263157894735 0.9440664000008615 0.024090400000001906 0.03184319999913666 3.839928375271029E-12 3.839999607353761E-12 1.2160000220293177E-11
0.2631578947368421 0.5 0.47368421052631576 0.934582800000852 0.030476000000002747 0.0349411999991453 3.3596458948181862E-12 1.0842021724855044E-19 3.359999561566851E-12
0.2631578947368421 0.5 0.5263157894736842 0.9271472000008446 0.03637359999999909 0.0364791999991564 2.5598412278782234E-12 3.8399992820931095E-12 2.5599999550762753E-12
0.2631578947368421 0.5 0.5789473684210527 0.9208592000008382 0.0413863999999954 0.03775439999916637 2.559952250180686E-12 7.040000093300192E-12 7.039999876459757E-12
0.2631578947368421 0.5 0.631578947368421 0.9126412000008302 0.048343999999990304 0.0390147999991797 3.3599789617255738E-12 -8.673617379884035E-19 3.359999561566851E-12
0.2631578947368421 0.5 0.6842105263157895 0.9094196000008268 0.05193839999998765 0.038641999999185564 4.639844064513454E-12 3.839999932614413E-12 3.999999767176354E-12
0.2631578947368421 0.5 0.7368421052631579 0.9040656000008215 0.05631359999998443 0.03962079999919413 3.839928375271029E-12 3.84000123365702E-12 2.56000017191671E-12
0.2631578947368421 0.5 0.7894736842105263 0.8968000000008143 0.062491999999979904 0.04070799999920593 0.0 0.0 2.1684043449710089E-19
0.2631578947368421 0.5 0.8421052631578947 0.8968488000008141 0.06421119999998161 0.03893999999920418 1.5360157590293966E-11 8.959999409086095E-12 9.600000265216901E-12
0.2631578947368421 0.5 0.8947368421052632 0.8918568000008092 0.06916119999998654 0.03898199999920422 1.2160050744114415E-11 9.760001834502319E-12 3.999999767176354E-12
0.2631578947368421 0.5 0.9473684210526315 0.8826780000008001 0.07653679999999394 0.04078519999920603 7.200018359299065E-12 2.5599973529910613E-12 9.759999882938408E-12
0.2631578947368421 0.5 1.0 0.8819424000007994 0.07893119999999632 0.039126399999204364 1.0239920023025206E-11 1.2160002171857087E-11 7.040000526981061E-12

0.3157894736842105 0.5 0.0 0.16857600000008602 0.0 0.831423999999914 -2.0816681711721685E-17 0.0 -1.1102230246251565E-16
0.3157894736842105 0.5 0.05263157894736842 0.8737680000007909 8.400000000000002E-5 0.1261479999992089 3.3306690738754696E-16 8.271806125530277E-25 -3.469446951953614E-18
0.3157894736842105 0.5 0.10526315789473684 0.9665884000008841 0.0011856000000000028 0.03222599999911603 1.439737218333903E-12 3.8400000001652905E-12 4.000000200857223E-12
0.3157894736842105 0.5 0.15789473684210525 0.9641112000008817 0.0055219999999999315 0.030366799999118576 2.5596191832732984E-12 4.0000000212862385E-12 3.3600002120881545E-12
0.3157894736842105 0.5 0.21052631578947367 0.9448412000008619 0.014056400000000567 0.041102399999137215 3.3607561178428114E-12 1.1040000023106872E-11 2.304000024620778E-11
0.3157894736842105 0.5 0.2631578947368421 0.9108160000008282 0.028532000000002496 0.060651999999169336 -1.1102230246251565E-16 -3.2526065174565133E-19 -8.673617379884035E-19
0.3157894736842105 0.5 0.3157894736842105 0.878884800000796 0.04523359999999258 0.07588159999921117 2.560174294785611E-12 3.839999498933544E-12 3.84000123365702E-12
0.3157894736842105 0.5 0.3684210526315789 0.8602796000007775 0.057166399999983804 0.08255399999923856 1.744038247153412E-11 3.84000123365702E-12 1.0399996835941394E-11
0.3157894736842105 0.5 0.42105263157894735 0.8449116000007625 0.06915999999998654 0.08592839999925114 7.839506821483155E-12 9.600002216780812E-12 1.4400052331109414E-12
0.3157894736842105 0.5 0.47368421052631576 0.8170432000007344 0.08716120000000457 0.09579559999926104 2.5600632724831485E-12 2.5759995699037308E-11 3.023999800566557E-11
0.3157894736842105 0.5 0.5263157894736842 0.8027332000007199 0.10012560000001752 0.09714119999926238 3.856026609128094E-11 1.3439999113629142E-11 7.696000260681846E-11
0.3157894736842105 0.5 0.5789473684210527 0.7916760000007091 0.11146400000002886 0.0968599999992621 3.199662756969701E-12 6.400002056095033E-12 3.1999992933240407E-12
0.3157894736842105 0.5 0.631578947368421 0.7807292000006979 0.1217084000000391 0.0975623999992628 6.56030785251005E-12 1.1039998776274373E-11 3.839999498933544E-12
0.3157894736842105 0.5 0.6842105263157895 0.7763096000006938 0.12955360000004693 0.09413679999925939 3.839706330666104E-12 7.040000526981061E-12 1.5360001465181128E-11
0.3157894736842105 0.5 0.7368421052631579 0.7662216000006836 0.13889760000005627 0.09488079999926015 2.6240010164713112E-11 7.0400039964280126E-12 8.959999409086095E-12
0.3157894736842105 0.5 0.7894736842105263 0.7575672000006749 0.1488300000000662 0.09360279999925887 4.096001315900821E-11 2.9600006473673446E-11 1.2815999997362049E-10
0.3157894736842105 0.5 0.8421052631578947 0.7509508000006685 0.15608680000007347 0.09296239999925823 6.559641718695275E-12 6.560002541178278E-12 1.6639996672229707E-11
0.3157894736842105 0.5 0.8947368421052632 0.7498164000006671 0.16014200000007753 0.09004159999925528 3.0240254744740014E-11 4.000005188187217E-12 2.6240004960542684E-11
0.3157894736842105 0.5 0.9473684210526315 0.7454360000006629 0.16445080000008183 0.09011319999925536 -1.1102230246251565E-16 9.759998365055367E-12 9.760001834502319E-12
0.3157894736842105 0.5 1.0 0.7443152000006618 0.17089600000008826 0.08478879999925004 1.5359824523386578E-11 1.2800004112190067E-11 1.216000130449535E-11

0.3684210526315789 0.5 0.0 0.15306000000007045 0.0 0.8469399999999295 3.469446951953614E-18 0.0 0.0
0.3684210526315789 0.5 0.05263157894736842 0.8692640000007866 1.6E-5 0.13071999999921338 0.0 0.0 0.0
0.3684210526315789 0.5 0.10526315789473684 0.9521160000008697 0.0033800000000000566 0.04450399999913046 -1.1102230246251565E-16 -3.3881317890172014E-21 -8.673617379884035E-19
0.3684210526315789 0.5 0.15789473684210525 0.9135520000008311 0.018352000000001135 0.06809599999916793 -5.551115123125783E-16 1.0842021724855044E-19 0.0
0.3684210526315789 0.5 0.21052631578947367 0.8610904000007783 0.03894759999999719 0.09996199999922437 3.8402614421784165E-12 4.640000189626292E-12 7.1999958078938775E-12
0.3684210526315789 0.5 0.2631578947368421 0.8042076000007213 0.06525279999998265 0.1305395999992958 1.440181307543753E-12 5.759998381038578E-12 4.639993250732388E-12
0.3684210526315789 0.5 0.3157894736842105 0.7632428000006806 0.09021560000000764 0.14654159999931177 6.5601968302075875E-12 1.4399956921318235E-12 7.040000526981061E-12
0.3684210526315789 0.5 0.3684210526315789 0.7281456000006455 0.11472000000003213 0.15713439999932238 7.039924199148118E-12 9.59999441052517E-12 3.839994294763116E-12
0.3684210526315789 0.5 0.42105263157894735 0.7033136000006208 0.13607400000005343 0.16061239999932592 2.6239788120108187E-11 7.200007950958209E-12 1.4239984191810606E-11
0.3684210526315789 0.5 0.47368421052631576 0.6940852000006115 0.1495520000000669 0.15636279999932162 3.2159996887770603E-11 2.8800007517704174E-11 3.3600067173011894E-12
0.3684210526315789 0.5 0.5263157894736842 0.6718344000005894 0.16913200000008652 0.1590335999993243 1.983974096120278E-11 6.079999351205068E-11 1.6640001876400135E-11
0.3684210526315789 0.5 0.5789473684210527 0.6640716000005815 0.1808040000000982 0.15512439999932037 1.423983153614472E-11 6.400005525541985E-12 7.840002952397285E-12
0.3684210526315789 0.5 0.631578947368421 0.6561240000005735 0.19227680000010963 0.15159919999931687 3.200012477222458E-11 3.776001039623722E-11 2.5599938835441094E-12
0.3684210526315789 0.5 0.6842105263157895 0.6499628000005674 0.20209000000011948 0.1479471999993132 1.6159851234931466E-11 7.1999975426173535E-12 1.2160002171857087E-11
0.3684210526315789 0.5 0.7368421052631579 0.6457968000005632 0.21026520000012763 0.14393799999930917 8.960054920237326E-12 4.496001487774848E-11 3.280000923644444E-11
0.3684210526315789 0.5 0.7894736842105263 0.6447064000005621 0.21728160000013466 0.13801199999930328 3.83998388642226E-12 1.344001299141695E-11 1.2799997173296163E-11
0.3684210526315789 0.5 0.8421052631578947 0.639685600000557 0.22635440000014373 0.13395999999929922 1.2864004306223364E-10 1.664000881529404E-11 9.280000032307889E-11
0.3684210526315789 0.5 0.8947368421052632 0.6372572000005545 0.2331948000001506 0.12954799999929478 9.760081631782214E-12 1.2959987250038552E-11 3.2000097016648965E-12
0.3684210526315789 0.5 0.9473684210526315 0.6370860000005543 0.2369912000001544 0.12592279999929118 7.20024040390399E-12 5.759989707421198E-12 3.3600032478542374E-12
0.3684210526315789 0.5 1.0 0.6355000000005528 0.2432816000001606 0.12121839999928649 6.399991647754177E-12 1.0240044923115477E-11 1.0239998085581625E-11

0.42105263157894735 0.5 0.0 0.13733200000005472 0.0 0.8626679999999453 0.0 0.0 0.0
0.42105263157894735 0.5 0.05263157894736842 0.8625004000007799 1.7199999999999987E-4 0.13732759999922012 1.4398482406363655E-12 1.6543612251060553E-23 1.4400008963022515E-12
0.42105263157894735 0.5 0.10526315789473684 0.9257360000008431 0.007863999999999746 0.06639999999915715 -2.220446049250313E-16 -1.3552527156068805E-20 0.0
0.42105263157894735 0.5 0.15789473684210525 0.8432800000007608 0.035245599999999905 0.12147439999923944 -1.1102230246251565E-16 3.8400005831357165E-12 3.840004703103972E-12
0.42105263157894735 0.5 0.21052631578947367 0.7488092000006661 0.07309159999999049 0.17809919999934332 1.6160184301838854E-11 1.4239998936960152E-11 5.760017462996814E-12
0.42105263157894735 0.5 0.2631578947368421 0.6911560000006085 0.10665760000002408 0.2021863999993674 6.400047158905409E-12 1.0239991146687721E-11 1.6640015754187942E-11
0.42105263157894735 0.5 0.3157894736842105 0.6465160000005639 0.1363080000000537 0.21717599999938245 6.399991647754177E-12 2.240000199216219E-11 6.399991647754177E-12
0.42105263157894735 0.5 0.3684210526315789 0.6173728000005346 0.16235680000007977 0.22027039999938555 6.016004361342198E-11 8.959989000745239E-12 4.863998787074664E-11
0.42105263157894735 0.5 0.42105263157894735 0.6009856000005184 0.1816936000000991 0.21732079999938256 1.0240031045327669E-11 7.039993588087157E-12 8.960020225767806E-12
0.42105263157894735 0.5 0.47368421052631576 0.5902256000005076 0.20005360000011746 0.20972079999937498 1.0239864511873975E-11 3.5839990697450474E-11 4.736000480676239E-11
0.42105263157894735 0.5 0.5263157894736842 0.581753200000499 0.21495080000013234 0.20329599999936857 8.336015211440895E-11 5.456000928827365E-11 6.399998586648081E-12
0.42105263157894735 0.5 0.5789473684210527 0.5750296000004925 0.22734640000014478 0.19762399999936292 1.0239864511873975E-11 3.583998375855657E-11 1.9199981882156436E-11
0.42105263157894735 0.5 0.631578947368421 0.5722260000004895 0.24009680000015748 0.18767719999935292 1.3600065518204474E-11 3.7760003457343316E-11 1.936001359226225E-11
0.42105263157894735 0.5 0.6842105263157895 0.5711796000004885 0.24760640000016498 0.18121399999934648 7.184003392168847E-11 3.584001845302609E-11 1.3599996129265435E-11
0.42105263157894735 0.5 0.7368421052631579 0.56262960000048 0.2613304000001787 0.17603999999934136 1.6639967181930615E-11 2.943999211080239E-11 9.599987471631266E-12
0.42105263157894735 0.5 0.7894736842105263 0.5640552000004814 0.2658644000001832 0.17008039999933536 1.5359991056840272E-11 1.7440035526838926E-11 3.6640003531207554E-11
0.42105263157894735 0.5 0.8421052631578947 0.5622304000004796 0.2737060000001911 0.16406359999932935 2.623989914241065E-11 2.000000165480742E-11 1.4240005008492318E-11
0.42105263157894735 0.5 0.8947368421052632 0.561734400000479 0.2822828000001996 0.15598279999932127 1.9840018516958935E-11 3.53600065894355E-11 1.2959997658379407E-11
0.42105263157894735 0.5 0.9473684210526315 0.5602396000004776 0.28738880000020467 0.15237159999931768 1.7440049404626734E-11 1.8560042391868592E-11 1.1039998776274373E-11
0.42105263157894735 0.5 1.0 0.5604224000004777 0.29232920000020973 0.14724839999931252 3.8400393975734914E-12 9.759970609479751E-12 1.744000430181636E-11

0.47368421052631576 0.5 0.0 0.12341200000004078 0.0 0.8765879999999592 1.0408340855860843E-17 0.0 0.0
0.47368421052631576 0.5 0.05263157894736842 0.8582680000007757 1.9599999999999986E-4 0.14153599999922437 -4.440892098500626E-16 -1.3234889800848443E-23 3.469446951953614E-18
0.47368421052631576 0.5 0.10526315789473684 0.8891672000008063 0.015497200000000759 0.09533559999919271 2.5602853170880735E-12 3.3600000223527743E-12 1.4399991615787755E-12
0.47368421052631576 0.5 0.15789473684210525 0.7495680000006667 0.06101799999998098 0.18941399999935213 6.400324714661565E-12 2.3200000514450592E-11 1.0399993366494442E-11
0.47368421052631576 0.5 0.21052631578947367 0.6505472000005681 0.10356720000002097 0.2458855999994111 2.1759760659989524E-11 2.5599956182675854E-12 1.9840018516958935E-11
0.47368421052631576 0.5 0.2631578947368421 0.5922696000005097 0.13999520000005736 0.26773519999943296 2.6240065675864344E-11 2.1760006990723113E-11 5.760017462996814E-12
0.47368421052631576 0.5 0.3157894736842105 0.5628704000004803 0.16955880000008694 0.26757079999943284 1.0239920023025206E-11 9.760001834502319E-12 1.936001359226225E-11
0.47368421052631576 0.5 0.3684210526315789 0.5392552000004566 0.1967208000001141 0.26402399999942927 3.1360025687376947E-11 5.6960006156181464E-11 4.480001092321828E-11
0.47368421052631576 0.5 0.42105263157894735 0.5292928000004467 0.21433120000013176 0.2563759999994216 1.535993554568904E-11 1.215998829406928E-11 2.2399998522715237E-11
0.47368421052631576 0.5 0.47368421052631576 0.5202152000004375 0.2334052000001508 0.24637959999941164 5.760003585209006E-12 4.815999682383776E-11 4.944000070450372E-11
0.47368421052631576 0.5 0.5263157894736842 0.5159268000004333 0.24855600000016592 0.23551719999940077 6.415995512654149E-11 1.1520000925413498E-10 1.6160010829491256E-11
0.47368421052631576 0.5 0.5789473684210527 0.5137168000004311 0.2610204000001784 0.22526279999939058 8.959999409086095E-12 5.26399895894869E-11 5.775999123436293E-11
0.47368421052631576 0.5 0.631578947368421 0.5074532000004247 0.2761256000001935 0.21642119999938172 3.2160107910073066E-11 1.983999076138332E-11 2.2559988599457625E-11
0.47368421052631576 0.5 0.6842105263157895 0.5044896000004219 0.28684680000020424 0.20866359999937395 1.6640022693081846E-11 5.775997735657512E-11 9.743999357381128E-11
0.47368421052631576 0.5 0.7368421052631579 0.5063328000004237 0.29294280000021033 0.200724399999366 1.855993136956613E-11 1.9359958081111017E-11 3.3440007707330466E-11
0.47368421052631576 0.5 0.7894736842105263 0.5072856000004247 0.30134960000021865 0.19136479999935666 1.6639911670779384E-11 8.704004184068026E-11 7.295999915335472E-11
0.47368421052631576 0.5 0.8421052631578947 0.5046192000004219 0.3109148000002283 0.18446599999934973 1.2160050744114415E-11 6.560002541178278E-12 2.0000008593701324E-11
0.47368421052631576 0.5 0.8947368421052632 0.5063644000004237 0.31644400000023376 0.17719159999934248 5.583994378000057E-11 6.400004137763204E-11 1.3264000314761049E-10
0.47368421052631576 0.5 0.9473684210526315 0.5062492000004236 0.32274280000024014 0.1710079999993363 9.75991509832852E-12 1.2959994188932455E-11 2.240000199216219E-11
0.47368421052631576 0.5 1.0 0.5074484000004247 0.32806480000024546 0.16448679999932977 1.1040113268023788E-11 3.1359984054013523E-11 2.5759998301122522E-11

0.5263157894736842 0.5 0.0 0.11241600000002983 0.0 0.8875839999999702 -3.469446951953614E-18 0.0 2.220446049250313E-16
0.5263157894736842 0.5 0.05263157894736842 0.853664000000771 4.3999999999999926E-4 0.145895999999229 0.0 -7.940933880509066E-23 -3.469446951953614E-18
0.5263157894736842 0.5 0.10526315789473684 0.8452240000007626 0.02586800000000214 0.12890799999923527 -2.220446049250313E-16 1.0842021724855044E-19 0.0
0.5263157894736842 0.5 0.15789473684210525 0.6523328000005696 0.08665440000000404 0.2610127999994262 2.5600632724831485E-12 4.864000088117271E-11 4.096001315900821E-11
0.5263157894736842 0.5 0.21052631578947367 0.5653156000004826 0.12924800000004663 0.30543639999947075 3.024008821128632E-11 5.1199999101525506E-11 7.839950910693005E-12
0.5263157894736842 0.5 0.2631578947368421 0.5243432000004417 0.16478880000008217 0.31086799999947606 4.736000480676239E-11 8.959999409086095E-12 3.5200023451587015E-11
0.5263157894736842 0.5 0.3157894736842105 0.5043812000004216 0.19006240000010746 0.3055563999994708 3.2160052398921835E-11 3.2639994873573386E-11 1.1040002245721325E-11
0.5263157894736842 0.5 0.3684210526315789 0.48428240000040157 0.21963880000013705 0.29607879999946124 1.190401111017536E-10 4.175999823718968E-11 3.216002464334622E-11
0.5263157894736842 0.5 0.42105263157894735 0.4750096000003924 0.23925240000015668 0.28573799999945093 2.6240010164713112E-11 3.983999935508464E-11 2.3200011356472316E-11
0.5263157894736842 0.5 0.47368421052631576 0.4679444000003854 0.2592220000001766 0.27283359999943807 3.9839964660615124E-11 3.999994779846361E-12 4.543999898576345E-11
0.5263157894736842 0.5 0.5263157894736842 0.46062800000037807 0.2779996000001954 0.2613723999994267 9.59990420490442E-12 5.2639975711699094E-11 6.863998258666015E-11
0.5263157894736842 0.5 0.5789473684210527 0.46253640000037993 0.2897048000002071 0.24775879999941297 2.3840013296805296E-11 2.175998270459445E-11 2.5759998301122522E-11
0.5263157894736842 0.5 0.631578947368421 0.46275800000038014 0.3000628000002174 0.23717919999940243 2.960004463758992E-11 6.560030296753894E-12 2.176000352127616E-11
0.5263157894736842 0.5 0.6842105263157895 0.4582400000003756 0.3127176000002301 0.22904239999939427 2.8800045681620645E-11 1.9840018516958935E-11 1.0240017167539861E-11
0.5263157894736842 0.5 0.7368421052631579 0.45858160000037596 0.3228236000002402 0.2185947999993838 7.0400074658749645E-12 2.7040009120682384E-11 2.8960014941681322E-11
0.5263157894736842 0.5 0.7894736842105263 0.4581964000003755 0.3320788000002494 0.209724799999375 1.7440049404626734E-11 1.9360027470050056E-11 8.959999409086095E-12
0.5263157894736842 0.5 0.8421052631578947 0.4628400000003803 0.3381092000002555 0.1990507999993643 3.199993048319527E-11 2.2560009416139337E-11 2.2560002477245433E-11
0.5263157894736842 0.5 0.8947368421052632 0.4629384000003803 0.34343640000026077 0.19362519999935887 5.823999615905961E-11 2.7040036876258E-11 1.089600076831232E-10
0.5263157894736842 0.5 0.9473684210526315 0.46066360000037804 0.35258880000026993 0.18674759999935198 3.983999241619074E-11 5.056005614179071E-11 2.704000218178848E-11
0.5263157894736842 0.5 1.0 0.4617856000003792 0.36000800000027733 0.17820639999934343 6.143993647178547E-11 5.760003585209006E-11 9.343999879396492E-11

0.5789473684210527 0.5 0.0 0.10331200000002068 0.0 0.8966879999999791 3.469446951953614E-18 0.0 6.661338147750939E-16
0.5789473684210527 0.5 0.05263157894736842 0.8491200000007666 4.559999999999991E-4 0.1504239999992335 -2.220446049250313E-16 0.0 0.0
0.5789473684210527 0.5 0.10526315789473684 0.7736288000006911 0.043271999999994 0.18309919999931498 2.5598412278782234E-12 8.673617379884035E-19 2.5600077613319172E-12
0.5789473684210527 0.5 0.15789473684210525 0.5770320000004944 0.10275560000002015 0.32021239999948553 1.6000034630536675E-11 1.423999980432189E-11 3.023994943340824E-11
0.5789473684210527 0.5 0.21052631578947367 0.5162252000004336 0.14236840000005976 0.34140639999950667 6.5599747856026625E-12 1.1039998776274373E-11 7.0400074658749645E-12
0.5789473684210527 0.5 0.2631578947368421 0.47674040000039414 0.1805060000000979 0.34275359999950794 2.063998971735259E-11 7.200004481511257E-12 7.0400074658749645E-12
0.5789473684210527 0.5 0.3157894736842105 0.45211480000036947 0.21145400000012887 0.33643119999950166 3.536002046722331E-11 5.519998347303101E-11 8.959985531298287E-12
0.5789473684210527 0.5 0.3684210526315789 0.43884760000035633 0.23889000000015628 0.3222623999994874 1.1039863467843247E-11 2.9600003004226494E-11 1.344001299141695E-11
0.5789473684210527 0.5 0.42105263157894735 0.42966680000034707 0.2607208000001781 0.3096123999994748 1.295996643335684E-11 1.2159981355175375E-11 2.7039995242894577E-11
0.5789473684210527 0.5 0.47368421052631576 0.4262748000003437 0.27879600000019616 0.29492919999946016 2.89599733083179E-11 5.7600008096514443E-11 9.759998365055367E-12
0.5789473684210527 0.5 0.5263157894736842 0.42750840000034485 0.2927772000002102 0.279714399999445 3.024000494455947E-11 4.495998018327896E-11 4.223997540631075E-11
0.5789473684210527 0.5 0.5789473684210527 0.4248068000003422 0.30914320000022655 0.2660499999994313 5.7760018989938544E-11 6.655995199444931E-11 1.0399986427600538E-11
0.5789473684210527 0.5 0.631578947368421 0.4233540000003408 0.3215388000002389 0.25510719999942033 1.999994614365619E-11 4.816003151830728E-11 3.455999375567842E-11
0.5789473684210527 0.5 0.6842105263157895 0.4212636000003387 0.33478240000025217 0.24395399999940917 1.3583997815480586E-10 7.424000303402067E-11 1.6799998892036427E-11
0.5789473684210527 0.5 0.7368421052631579 0.4238592000003413 0.34477840000026216 0.23136239999939662 7.615996722165619E-11 2.9439978233014585E-11 4.863999480964054E-11
0.5789473684210527 0.5 0.7894736842105263 0.4221068000003395 0.35311360000027053 0.22477959999939 7.375999810932399E-11 3.903997958243366E-11 3.344000076843656E-11
0.5789473684210527 0.5 0.8421052631578947 0.42351560000034094 0.36383640000028117 0.21264799999937795 8.783995752992269E-11 1.1040057756872557E-11 6.71999886292518E-11
0.5789473684210527 0.5 0.8947368421052632 0.4257664000003431 0.36892560000028635 0.20530799999937052 4.224001703967417E-11 2.6239982409137497E-11 7.36000080325816E-11
0.5789473684210527 0.5 0.9473684210526315 0.4285564000003459 0.37471640000029205 0.19672719999936197 1.424002582517403E-11 7.840061932995468E-12 5.759996646315102E-12
0.5789473684210527 0.5 1.0 0.42759840000034494 0.3811228000002985 0.19127879999935657 2.94400059885902E-11 1.615996225723393E-11 3.8559995474418685E-11

0.631578947368421 0.5 0.0 0.09608400000001348 0.0 0.9039159999999867 -1.734723475976807E-18 0.0 -1.1102230246251565E-16
0.631578947368421 0.5 0.05263157894736842 0.8462520000007635 0.0011200000000000012 0.15262799999923637 2.220446049250313E-16 2.1175823681357508E-22 -3.469446951953614E-18
0.631578947368421 0.5 0.10526315789473684 0.7118052000006291 0.05720879999998378 0.23098599999938707 9.760081631782214E-12 1.8559999023781693E-11 1.0399993366494442E-11
0.631578947368421 0.5 0.15789473684210525 0.5260524000004434 0.11581760000003323 0.35812999999952344 1.4239998069598414E-11 7.039991853363681E-12 7.199962848147834E-12
0.631578947368421 0.5 0.21052631578947367 0.4681284000003855 0.15766360000007507 0.37420799999953935 4.624001181952053E-11 1.1039998776274373E-11 1.9200030454413763E-11
0.631578947368421 0.5 0.2631578947368421 0.436614400000354 0.19586960000011328 0.3675159999995327 3.904002121579708E-11 2.3039993524154312E-11 3.520000957379921E-11
0.631578947368421 0.5 0.3157894736842105 0.4193484000003367 0.22411200000014153 0.3565395999995217 8.463998946162121E-11 9.599987471631266E-12 4.3040071506794675E-11
0.631578947368421 0.5 0.3684210526315789 0.40457040000032196 0.2524868000001699 0.3429427999995082 1.0239975534176438E-11 2.89599733083179E-11 2.255998166056372E-11
0.631578947368421 0.5 0.42105263157894735 0.3941492000003115 0.27724680000019464 0.32860399999949386 2.5760005240016426E-11 1.2959994188932455E-11 2.8799990170469414E-11
0.631578947368421 0.5 0.47368421052631576 0.3941488000003115 0.29479400000021216 0.31105719999947634 2.176003821574568E-11 1.0399986427600538E-11 1.615996225723393E-11
0.631578947368421 0.5 0.5263157894736842 0.3908292000003082 0.31133120000022874 0.2978395999994631 9.296000080816214E-11 6.975997557390201E-11 2.3839999419017488E-11
0.631578947368421 0.5 0.5789473684210527 0.39169400000030896 0.32642120000024377 0.28188479999944716 1.3600065518204474E-11 3.8560016291100396E-11 6.655997975002492E-11
0.631578947368421 0.5 0.631578947368421 0.38982960000030725 0.3414416000002588 0.268728799999434 1.0239975534176438E-11 1.0240003289752053E-11 1.855998688071736E-11
0.631578947368421 0.5 0.6842105263157895 0.3921380000003096 0.35204960000026947 0.255812399999421 4.2399944666371425E-11 9.34399640994954E-11 1.7440035526838926E-11
0.631578947368421 0.5 0.7368421052631579 0.3927680000003102 0.3612724000002786 0.24595959999941122 1.9199947187686917E-11 9.74400282682808E-11 5.903998123724108E-11
0.631578947368421 0.5 0.7894736842105263 0.3938548000003112 0.3707636000002882 0.23538159999940067 4.1760067626128716E-11 2.7039953609531153E-11 1.0239989411964245E-11
0.631578947368421 0.5 0.8421052631578947 0.3960496000003135 0.38025400000029763 0.22369639999938895 1.3439971358053526E-11 1.6800033586505947E-11 1.4239998069598414E-11
0.631578947368421 0.5 0.8947368421052632 0.39556960000031294 0.38760520000030496 0.2168251999993821 3.904002121579708E-11 5.7760018989938544E-11 2.5760005240016426E-11
0.631578947368421 0.5 0.9473684210526315 0.3980324000003154 0.39312360000031055 0.20884399999937414 1.4239970314022798E-11 3.6639968836738035E-11 5.119998869318465E-11
0.631578947368421 0.5 1.0 0.39829280000031564 0.40188520000031924 0.19982199999936506 2.176003821574568E-11 3.856004404667601E-11 4.560000294029365E-11

0.6842105263157895 0.5 0.0 0.08822800000000562 0.0 0.9117719999999941 1.734723475976807E-18 0.0 5.551115123125783E-16
0.6842105263157895 0.5 0.05263157894736842 0.8409520000007585 0.0012040000000000032 0.15784399999924173 -2.220446049250313E-16 0.0 -1.734723475976807E-17
0.6842105263157895 0.5 0.10526315789473684 0.6289732000005462 0.07744599999999482 0.2935807999994588 6.560085807905125E-12 4.000000851378527E-12 5.760003585209006E-12
0.6842105263157895 0.5 0.15789473684210525 0.4895684000004071 0.12163200000003901 0.388799599999554 1.4398759962119811E-12 1.2800005846913542E-11 1.4239998069598414E-11
0.6842105263157895 0.5 0.21052631578947367 0.4427524000003602 0.16458280000008202 0.39266479999955783 2.3839957785654065E-11 6.735998217544115E-11 3.4560021511254035E-11
0.6842105263157895 0.5 0.2631578947368421 0.40920560000032663 0.20373400000012112 0.3870603999995522 1.3439971358053526E-11 7.1999906037234496E-12 3.024003270013509E-11
0.6842105263157895 0.5 0.3157894736842105 0.3845272000003019 0.23728400000015465 0.3781887999995434 6.976003108505324E-11 9.600022166100786E-12 6.015998810227075E-11
0.6842105263157895 0.5 0.3684210526315789 0.374710800000292 0.26626280000018365 0.35902639999952424 4.496009120558142E-11 2.255999553835153E-11 5.184003226688105E-11
0.6842105263157895 0.5 0.42105263157894735 0.3711380000002885 0.2869140000002043 0.3419479999995072 4.5599996001399745E-11 3.999994779846361E-12 3.51999956960114E-11
0.6842105263157895 0.5 0.47368421052631576 0.3647072000002821 0.3094228000002268 0.32586999999949107 8.959971653510479E-12 1.8575999072290017E-10 1.416000372511661E-10
0.6842105263157895 0.5 0.5263157894736842 0.3648880000002822 0.3243368000002417 0.310775199999476 3.200006926107335E-11 3.7760017335131124E-11 6.336001168172345E-11
0.6842105263157895 0.5 0.5789473684210527 0.36176240000027915 0.34131680000025866 0.2969207999994622 1.4463999442604347E-10 5.760045218572429E-12 1.1136000455103101E-10
0.6842105263157895 0.5 0.631578947368421 0.3628188000002802 0.356584800000274 0.28059639999944586 4.1760012114977485E-11 8.959999409086095E-12 3.984000629397855E-11
0.6842105263157895 0.5 0.6842105263157895 0.3657112000002831 0.36646920000028377 0.26781959999943306 1.8559959125141745E-11 2.896008433062036E-11 1.4240011947386222E-11
0.6842105263157895 0.5 0.7368421052631579 0.3639960000002814 0.3780436000002954 0.25796039999942316 4.479999704543047E-11 6.224001869448159E-11 2.7040009120682384E-11
0.6842105263157895 0.5 0.7894736842105263 0.36623760000028355 0.387670800000305 0.24609159999941135 1.6640022693081846E-11 1.6160045523960775E-11 5.2639996528380806E-11
0.6842105263157895 0.5 0.8421052631578947 0.3678420000002852 0.3967952000003142 0.2353627999994006 4.239997242194704E-11 4.7359977051186775E-11 3.8559995474418685E-11
0.6842105263157895 0.5 0.8947368421052632 0.36847000000028585 0.40536440000032276 0.22616559999939143 3.280001270589139E-11 1.294400142626273E-10 2.3103999963192123E-10
0.6842105263157895 0.5 0.9473684210526315 0.37287880000029017 0.4112608000003286 0.21586039999938117 1.616007327953639E-11 4.096001315900821E-11 3.343997995175485E-11
0.6842105263157895 0.5 1.0 0.37279760000029016 0.418555600000336 0.20864679999937386 1.6640022693081846E-11 3.9839964660615124E-11 5.455999541048584E-11

0.7368421052631579 0.5 0.0 0.08155199999999892 0.0 0.9184480000000008 6.071532165918825E-18 0.0 5.551115123125783E-16
0.7368421052631579 0.5 0.05263157894736842 0.8392080000007563 0.0014320000000000088 0.1593599999992434 6.661338147750939E-16 0.0 3.469446951953614E-18
0.7368421052631579 0.5 0.10526315789473684 0.5661876000004836 0.08824000000000565 0.34557239999951084 4.6398995756646855E-12 6.399997719286343E-12 1.4400147740900593E-12
0.7368421052631579 0.5 0.15789473684210525 0.4591360000003764 0.1289032000000463 0.41196079999957713 1.920011372114061E-11 2.176000005182921E-11 5.760059096360237E-12
0.7368421052631579 0.5 0.21052631578947367 0.41354040000033093 0.17160920000008897 0.4148503999995801 6.223996318333036E-11 1.057600118592461E-10 1.343994360247791E-11
0.7368421052631579 0.5 0.2631578947368421 0.3770068000002944 0.21401680000013143 0.40897639999957425 3.5359964956072076E-11 1.2159995232963183E-11 5.2639975711699094E-11
0.7368421052631579 0.5 0.3157894736842105 0.35872680000027607 0.25017000000016754 0.3911031999995564 5.4560023166061455E-11 7.759998199574625E-11 1.8559959125141745E-11
0.7368421052631579 0.5 0.3684210526315789 0.3494404000002669 0.2748304000001922 0.375729199999541 3.6639968836738035E-11 2.3039986585260408E-11 9.759970609479751E-12
0.7368421052631579 0.5 0.42105263157894735 0.3443248000002617 0.29857680000021597 0.3570983999995223 1.855998688071736E-11 8.959985531298287E-12 1.6640050448657462E-11
0.7368421052631579 0.5 0.47368421052631576 0.3433036000002607 0.31899400000023637 0.33770239999950297 4.6239984063944917E-11 3.600000852976848E-11 3.903999346022147E-11
0.7368421052631579 0.5 0.5263157894736842 0.34052040000025785 0.3373440000002547 0.3221355999994874 3.024001882234728E-11 1.3119999531241433E-10 7.824002556944265E-11
0.7368421052631579 0.5 0.5789473684210527 0.34073120000025814 0.3541380000002715 0.30513079999947035 9.216000185219286E-11 3.6000036285344095E-11 2.896002881946913E-11
0.7368421052631579 0.5 0.631578947368421 0.3413608000002587 0.3660448000002834 0.29259439999945785 5.696002003396927E-11 1.177600239543608E-10 2.943996435522678E-11
0.7368421052631579 0.5 0.6842105263157895 0.3414264000002588 0.3819988000002993 0.27657479999944184 2.943999211080239E-11 6.416009390441957E-11 1.5376000472855367E-10
0.7368421052631579 0.5 0.7368421052631579 0.3438648000002612 0.3907164000003081 0.2654187999994307 5.05600422640029E-11 7.504000198998995E-11 1.697599838479391E-10
0.7368421052631579 0.5 0.7894736842105263 0.34549560000026286 0.4027956000003202 0.251708799999417 4.624003957509615E-11 1.3263995457535316E-10 3.775998957955551E-11
0.7368421052631579 0.5 0.8421052631578947 0.34700480000026446 0.4112876000003287 0.2417075999994069 1.215995359959976E-11 2.7039925853955538E-11 1.423999113070451E-11
0.7368421052631579 0.5 0.8947368421052632 0.3492696000002666 0.4178904000003353 0.23283999999939808 1.6640022693081846E-11 1.0240003289752053E-11 1.9200002698838148E-11
0.7368421052631579 0.5 0.9473684210526315 0.3522544000002696 0.42426160000034163 0.22348399999938875 2.624002404250092E-11 2.304004209641164E-11 4.159999428265948E-11
0.7368421052631579 0.5 1.0 0.35358240000027097 0.430564000000348 0.21585359999938106 4.544001286355126E-11 5.439998451706174E-11 1.984001157806503E-11

0.7894736842105263 0.5 0.0 0.07563199999999302 0.0 0.9243680000000067 -1.734723475976807E-18 0.0 4.440892098500626E-16
0.7894736842105263 0.5 0.05263157894736842 0.8347360000007521 0.0023080000000000305 0.16295599999924784 2.220446049250313E-16 -1.6940658945086007E-21 3.469446951953614E-18
0.7894736842105263 0.5 0.10526315789473684 0.4991624000004165 0.09827720000001566 0.4025603999995678 3.840011641997876E-12 3.216000209194103E-11 5.264005897842594E-11
0.7894736842105263 0.5 0.15789473684210525 0.43102000000034835 0.1349560000000523 0.43402399999959923 1.120000203691518E-10 1.2800007581637018E-11 8.639999826698386E-11
0.7894736842105263 0.5 0.21052631578947367 0.3894384000003069 0.17986520000009726 0.43069639999959586 3.583994212519315E-11 6.096000093602782E-11 1.4240053580749645E-11
0.7894736842105263 0.5 0.2631578947368421 0.35307160000027044 0.22196040000013934 0.4249679999995902 5.90400089928167E-11 1.744002164905112E-11 2.5599994346592325E-11
0.7894736842105263 0.5 0.3157894736842105 0.34108560000025845 0.2548060000001722 0.4041083999995694 1.983999076138332E-11 4.880000570306464E-11 3.6640024347889266E-11
0.7894736842105263 0.5 0.3684210526315789 0.3280600000002454 0.2843296000002017 0.38761039999955293 2.2400026278290852E-11 1.344001299141695E-11 1.6639967181930615E-11
0.7894736842105263 0.5 0.42105263157894735 0.32177560000023914 0.30981720000022717 0.3684071999995337 7.184000616611286E-11 1.936001359226225E-11 3.4559966000102804E-11
0.7894736842105263 0.5 0.47368421052631576 0.3182472000002357 0.33242920000024984 0.34932359999951457 2.559938372392878E-12 8.015997587929036E-11 9.10399949871632E-11
0.7894736842105263 0.5 0.5263157894736842 0.32153520000023894 0.3465380000002639 0.33192679999949726 4.735996317339897E-11 2.6399993302561597E-11 1.2959952555569032E-11
0.7894736842105263 0.5 0.5789473684210527 0.3204360000002378 0.3641164000002815 0.31544759999948074 4.160001509934119E-11 3.663999659231365E-11 7.503998811220214E-11
0.7894736842105263 0.5 0.631578947368421 0.3213020000002387 0.3783448000002957 0.30035319999946564 2.000000165480742E-11 5.3760024210092183E-11 3.535999271164769E-11
0.7894736842105263 0.5 0.6842105263157895 0.32185600000023923 0.3920972000003095 0.28604679999945126 4.1599987343765576E-11 3.2159996887770603E-11 3.535999271164769E-11
0.7894736842105263 0.5 0.7368421052631579 0.3240516000002414 0.40193000000031937 0.2740183999994393 4.943999376560981E-11 4.879990855854999E-11 1.9840004639171127E-11
0.7894736842105263 0.5 0.7894736842105263 0.3248828000002423 0.4130292000003304 0.2620879999994273 9.760012242843175E-12 1.616001776838516E-11 1.6000020752748867E-11
0.7894736842105263 0.5 0.8421052631578947 0.32531480000024265 0.42371600000034115 0.2509691999994162 1.9360041347837864E-11 1.0239992187521807E-10 1.6015999637630784E-10
0.7894736842105263 0.5 0.8947368421052632 0.32883600000024615 0.430563600000348 0.2406003999994058 4.4800038678793896E-11 4.303998824006783E-11 1.4864002390035935E-10
0.7894736842105263 0.5 0.9473684210526315 0.32915240000024654 0.4389800000003564 0.23186759999939713 5.903998123724108E-11 3.0079996826692934E-10 1.0703998798433645E-10
0.7894736842105263 0.5 1.0 0.3321664000002496 0.4465144000003639 0.22131919999938654 2.9439978233014585E-11 1.9840018516958935E-11 5.3760010332304375E-11

0.8421052631578947 0.5 0.0 0.0701959999999876 0.0 0.9298040000000123 -2.6020852139652106E-18 0.0 2.220446049250313E-16
0.8421052631578947 0.5 0.05263157894736842 0.8300148000007473 0.002923600000000045 0.16706159999925255 6.5598637633002E-12 1.4400000018354592E-12 3.840004703103972E-12
0.8421052631578947 0.5 0.10526315789473684 0.46050880000037786 0.10395160000002135 0.4355395999996008 6.976003108505324E-11 1.423999980432189E-11 3.343994525728533E-11
0.8421052631578947 0.5 0.15789473684210525 0.40729000000032467 0.14228800000005967 0.45042199999961563 7.1999906037234496E-12 9.600001349419074E-12 1.0400014183176154E-11
0.8421052631578947 0.5 0.21052631578947367 0.3590348000002763 0.18993720000010736 0.4510279999996163 1.616007327953639E-11 1.615998307391564E-11 3.1999958238770887E-12
0.8421052631578947 0.5 0.2631578947368421 0.33435120000025176 0.22848720000014588 0.4371615999996024 8.959971653510479E-12 2.1759996582382257E-11 7.0400074658749645E-12
0.8421052631578947 0.5 0.3157894736842105 0.31733800000023477 0.2647344000001821 0.4179275999995832 5.5199969595243203E-11 4.5439985107975644E-11 4.944000764339762E-11
0.8421052631578947 0.5 0.3684210526315789 0.3105080000002278 0.2920660000002095 0.39742599999956263 2.560003597995575E-11 3.279997107252797E-11 7.12000458591433E-11
0.8421052631578947 0.5 0.42105263157894735 0.3037440000002211 0.3179788000002353 0.3782771999995435 1.280001105108397E-11 6.5600441745417015E-12 1.2960021944508071E-11
0.8421052631578947 0.5 0.47368421052631576 0.3029040000002202 0.3378648000002552 0.3592311999995245 9.60002910499469E-12 1.8560042391868592E-11 1.855998688071736E-11
0.8421052631578947 0.5 0.5263157894736842 0.30194640000021933 0.35740600000027484 0.3406475999995059 1.6639981059718423E-11 3.2799929439164544E-11 6.224000481669378E-11
0.8421052631578947 0.5 0.5789473684210527 0.30320360000022056 0.3748676000002922 0.32192879999948715 2.1584001252961116E-10 9.424006019997933E-11 3.7760003457343316E-11
0.8421052631578947 0.5 0.631578947368421 0.30409280000022143 0.38796560000030533 0.3079415999994732 1.5360032690203695E-11 2.3040014340836024E-11 1.0239989411964245E-11
0.8421052631578947 0.5 0.6842105263157895 0.3035424000002209 0.40331640000032065 0.29314119999945837 3.264000181246729E-11 1.744007716020235E-11 4.1760012114977485E-11
0.8421052631578947 0.5 0.7368421052631579 0.30431280000022165 0.41409360000033146 0.2815935999994469 4.096001315900821E-11 4.5439985107975644E-11 3.903997958243366E-11
0.8421052631578947 0.5 0.7894736842105263 0.30902280000022636 0.42242480000033983 0.2685523999994338 4.496002181664238E-11 8.895997827274016E-11 1.7439993893475503E-11
0.8421052631578947 0.5 0.8421052631578947 0.310623600000228 0.43339720000035076 0.25597919999942126 5.264001734506252E-11 4.17600398705531E-11 5.75997582963339E-12
0.8421052631578947 0.5 0.8947368421052632 0.3131316000002305 0.4397612000003572 0.24710719999941236 2.0640017472928207E-11 3.215994137661937E-11 1.2160002171857087E-11
0.8421052631578947 0.5 0.9473684210526315 0.31375640000023114 0.44908240000036653 0.2371611999994024 3.344000076843656E-11 3.9039937949070236E-11 7.376000504821789E-11
0.8421052631578947 0.5 1.0 0.3174320000002348 0.45545480000037275 0.22711319999939236 1.600000687496106E-11 3.5360103733950154E-11 2.5760005240016426E-11

0.8947368421052632 0.5 0.0 0.06585999999998324 0.0 0.9341400000000167 2.6020852139652106E-18 0.0 0.0
0.8947368421052632 0.5 0.05263157894736842 0.8220408000007393 0.0038880000000000685 0.17407119999926055 2.5600632724831485E-12 -3.3881317890172014E-21 2.5599973529910613E-12
0.8947368421052632 0.5 0.10526315789473684 0.4280436000003454 0.10344200000002085 0.46851439999963373 4.639955086815917E-12 3.999994779846361E-12 7.0400074658749645E-12
0.8947368421052632 0.5 0.15789473684210525 0.3930496000003105 0.14598400000006337 0.4609663999996263 2.3039986585260408E-11 3.2000027627709926E-12 1.983985198350524E-11
0.8947368421052632 0.5 0.21052631578947367 0.3450264000002624 0.1948108000001122 0.4601627999996254 1.0240003289752053E-11 6.559995602284374E-12 6.560002541178278E-12
0.8947368421052632 0.5 0.2631578947368421 0.3145272000002319 0.23810240000015553 0.4473703999996126 8.960013286873902E-12 5.823998922016571E-11 4.5439985107975644E-11
0.8947368421052632 0.5 0.3157894736842105 0.300650000000218 0.2708716000001883 0.4284783999995937 3.999980902058553E-12 3.983997853840293E-11 3.90400489713727E-11
0.8947368421052632 0.5 0.3684210526315789 0.29281600000021013 0.30056280000021796 0.4066211999995719 1.2800038806659586E-11 2.8960001063893515E-11 1.615996225723393E-11
0.8947368421052632 0.5 0.42105263157894735 0.2887912000002062 0.32432120000024167 0.3868875999995522 1.1455998649712029E-10 1.6160003890597352E-11 8.143999363774412E-11
0.8947368421052632 0.5 0.47368421052631576 0.28708560000020444 0.34696600000026434 0.36594839999953127 3.5840011514132186E-11 2.9600003004226494E-11 1.4239970314022798E-11
0.8947368421052632 0.5 0.5263157894736842 0.2852964000002027 0.36715840000028455 0.34754519999951283 1.0064002409215789E-10 3.583999763634438E-11 5.4559953777122416E-11
0.8947368421052632 0.5 0.5789473684210527 0.28556240000020294 0.38122880000029863 0.3332087999994985 5.183999063351763E-11 2.8159974352348627E-11 8.959957775722671E-12
0.8947368421052632 0.5 0.631578947368421 0.2895304000002069 0.39609560000031346 0.3143739999994797 3.9040007338009275E-11 6.223996318333036E-11 5.840000705248372E-11
0.8947368421052632 0.5 0.6842105263157895 0.2900300000002074 0.40979040000032724 0.3001795999994654 9.999999439624929E-11 1.9839963005807704E-11 5.58399992911518E-11
0.8947368421052632 0.5 0.7368421052631579 0.2899248000002073 0.42226640000033966 0.2878087999994531 6.975997557390201E-11 2.3039986585260408E-11 2.175998270459445E-11
0.8947368421052632 0.5 0.7894736842105263 0.2932364000002106 0.43255800000034994 0.2742055999994394 3.6304001471698655E-10 4.520000207453023E-10 1.6640022693081846E-11
0.8947368421052632 0.5 0.8421052631578947 0.29495440000021234 0.4424648000003599 0.2625807999994279 4.863998093185273E-11 1.2159911966236336E-11 4.415996734952188E-11
0.8947368421052632 0.5 0.8947368421052632 0.29931160000021667 0.4491720000003665 0.2515163999994168 8.143999363774412E-11 2.2400081789442083E-11 6.544001451835868E-11
0.8947368421052632 0.5 0.9473684210526315 0.29855280000021595 0.459714400000377 0.241732799999407 3.77599757017677E-11 1.6640050448657462E-11 1.2160016049644895E-11
0.8947368421052632 0.5 1.0 0.298567600000216 0.469638800000387 0.23179359999939705 2.3823996941896297E-10 1.8576001847847579E-10 2.943999211080239E-11

0.9473684210526315 0.5 0.0 0.061723999999980454 0.0 0.9382760000000196 1.3010426069826053E-18 0.0 0.0
0.9473684210526315 0.5 0.05263157894736842 0.8200720000007377 0.004676000000000004 0.17525199999926253 -2.220446049250313E-16 3.3881317890172014E-21 1.0408340855860843E-17
0.9473684210526315 0.5 0.10526315789473684 0.4081480000003256 0.10584320000002324 0.4860087999996512 1.9199891676535685E-11 8.959997674362619E-12 4.7360032562338006E-11
0.9473684210526315 0.5 0.15789473684210525 0.3713248000002887 0.14988440000006728 0.478790799999644 8.959971653510479E-12 2.0639996656246495E-11 2.8960001063893515E-11
0.9473684210526315 0.5 0.21052631578947367 0.32540800000024284 0.20054240000011794 0.4740495999996392 4.799995123594414E-11 2.62399893480314E-11 1.3440082380355989E-11
0.9473684210526315 0.5 0.2631578947368421 0.30111480000021845 0.24136720000015877 0.45751799999962267 3.536002046722331E-11 1.5359991056840272E-11 1.0400097449903E-11
0.9473684210526315 0.5 0.3157894736842105 0.2851480000002025 0.276646000000194 0.4382059999996034 3.8400005397676296E-11 2.9599989126438686E-11 3.600006404091971E-11
0.9473684210526315 0.5 0.3684210526315789 0.2775120000001949 0.3070060000002244 0.41548199999958074 1.9200016576625956E-11 1.0400000305388346E-11 3.279995719474016E-11
0.9473684210526315 0.5 0.42105263157894735 0.27057400000018794 0.33611000000025354 0.3933159999995586 1.0400014183176154E-11 7.119996259241645E-11 8.639999826698386E-11
0.9473684210526315 0.5 0.47368421052631576 0.2729260000001903 0.3531684000002706 0.3739055999995391 2.6399993302561597E-11 8.46399755838334E-11 1.478400735166474E-10
0.9473684210526315 0.5 0.5263157894736842 0.27153320000018893 0.3742296000002916 0.3542371999995194 9.759984487267559E-12 7.0400074658749645E-12 1.6160045523960775E-11
0.9473684210526315 0.5 0.5789473684210527 0.27459760000019195 0.3897696000003072 0.33563279999950085 6.144000586072451E-11 2.3039958829684792E-11 4.41600089828853E-11
0.9473684210526315 0.5 0.631578947368421 0.27420000000019157 0.40392120000032133 0.3218787999994871 4.480001092321828E-11 5.775999123436293E-11 6.5600441745417015E-12
0.9473684210526315 0.5 0.6842105263157895 0.2746948000001921 0.41917400000033656 0.30613119999947136 1.9359985836686633E-11 9.359996111513169E-11 5.3760024210092183E-11
0.9473684210526315 0.5 0.7368421052631579 0.27668320000019403 0.43039720000034776 0.2929195999994582 5.759989707421198E-12 3.216002464334622E-11 3.3439986890648754E-11
0.9473684210526315 0.5 0.7894736842105263 0.27701560000019443 0.44361520000036103 0.27936919999944465 3.983997853840293E-11 8.895997827274016E-11 7.695998005541327E-11
0.9473684210526315 0.5 0.8421052631578947 0.28228560000019964 0.44882720000036624 0.2688871999994341 1.3439999113629142E-11 2.175998270459445E-11 1.856000075850517E-11
0.9473684210526315 0.5 0.8947368421052632 0.28349920000020085 0.4600496000003775 0.2564511999994217 2.4960006284047154E-11 4.863995317627712E-11 3.4560021511254035E-11
0.9473684210526315 0.5 0.9473684210526315 0.28359560000020095 0.4689456000003863 0.2474587999994127 1.744000777126331E-11 1.2864001530665803E-10 1.5056000890467658E-10
0.9473684210526315 0.5 1.0 0.28686720000020427 0.4766344000003939 0.23649839999940175 5.375996869894095E-11 2.9440117010892664E-11 5.184001145019934E-11

1.0 0.5 0.0 0.057307999999983705 0.0 0.9426920000000162 -4.3368086899420177E-19 0.0 2.220446049250313E-16
1.0 0.5 0.05263157894736842 0.8171172000007346 0.005181999999999961 0.17770079999926558 3.3598679394231112E-12 4.000000000957448E-12 2.5599938835441094E-12
1.0 0.5 0.10526315789473684 0.39078440000030823 0.10648280000002389 0.5027327999996679 4.639927331240301E-12 3.3599980436838095E-12 5.760003585209006E-12
1.0 0.5 0.15789473684210525 0.3621024000002795 0.15428560000007166 0.48361199999964877 3.83998388642226E-12 2.6239996286925305E-11 1.280001105108397E-11
1.0 0.5 0.21052631578947367 0.31203160000022945 0.2040000000001214 0.4839683999996491 5.583998541336399E-11 1.5999999936067155E-11 2.3840068807956527E-11
1.0 0.5 0.2631578947368421 0.28756240000020494 0.24593920000016334 0.4664983999996317 8.703998632952903E-11 9.856000737773485E-11 1.0239975534176438E-11
1.0 0.5 0.3157894736842105 0.2742184000001916 0.28037000000019774 0.44541159999961055 2.3040000463048216E-11 3.279999882810358E-11 2.0640100739655054E-11
1.0 0.5 0.3684210526315789 0.26291840000018035 0.31393160000023135 0.4231499999995885 2.943996435522678E-11 3.663999659231365E-11 1.0399958672024923E-11
1.0 0.5 0.42105263157894735 0.26135480000017874 0.336638800000254 0.40200639999956733 1.6159976135021736E-11 1.2960035822295879E-11 7.039924199148118E-12
1.0 0.5 0.47368421052631576 0.260616400000178 0.3584676000002758 0.3809159999995462 2.703998136510677E-11 1.1344006289881747E-10 8.000000661922968E-11
1.0 0.5 0.5263157894736842 0.2586948000001761 0.37927680000029673 0.3620283999995272 2.8960001063893515E-11 6.33599284149966E-11 2.7040036876258E-11
1.0 0.5 0.5789473684210527 0.2603408000001777 0.39905160000031636 0.3406075999995059 1.561600154742493E-10 4.6240067330671764E-11 3.374399926148186E-10
1.0 0.5 0.631578947368421 0.25917440000017655 0.41297640000033037 0.3278491999994931 1.0240003289752053E-11 3.344002852401218E-11 4.4960007938854574E-11
1.0 0.5 0.6842105263157895 0.26266640000018004 0.42752840000034487 0.3098051999994751 8.703998632952903E-11 3.983999241619074E-11 2.89599733083179E-11
1.0 0.5 0.7368421052631579 0.2643296000001817 0.438582400000356 0.29708799999946234 5.5040014212970334E-11 4.863995317627712E-11 1.599999299717325E-11
1.0 0.5 0.7894736842105263 0.26589920000018324 0.4504044000003678 0.28369639999944896 5.0560014508427287E-11 3.983999241619074E-11 5.264001734506252E-11
1.0 0.5 0.8421052631578947 0.26597680000018337 0.4604900000003779 0.27353319999943876 1.5359991056840272E-11 1.3600010007053243E-11 9.760026120630982E-12
1.0 0.5 0.8947368421052632 0.26942480000018676 0.46957480000038687 0.26100039999942626 1.536000493462808E-11 1.6160101035112007E-11 1.744000777126331E-11
1.0 0.5 0.9473684210526315 0.2727964000001902 0.4762216000003936 0.2509819999994163 1.7439993893475503E-11 5.823999615905961E-11 2.9599989126438686E-11
1.0 0.5 1.0 0.27370280000019104 0.4842944000004017 0.2420027999994073 5.4560023166061455E-11 5.183997675572982E-11 2.255998166056372E-11

