0.0 0.5 0.0 0.3333999999999673 0.0 0.6665999999999667 3.462508058049707E-14 0.0 -3.241851231905457E-14
0.0 0.5 0.05263157894736842 0.7005476499999822 0.0 0.2994523499999963 1.6756296496944767E-5 0.0 1.675629647936161E-5
0.0 0.5 0.10526315789473684 0.8310688200000159 0.0 0.1689311799999987 2.2631583779575415E-5 0.0 2.263158381009267E-5
0.0 0.5 0.15789473684210525 0.9275015700000014 0.0 0.07249842999999928 9.421544534871096E-6 0.0 9.42154453496824E-6
0.0 0.5 0.21052631578947367 0.9882810500000202 0.0 0.011718950000002223 1.0116738922150148E-6 0.0 1.0116738974407066E-6
0.0 0.5 0.2631578947368421 0.9897183400000293 0.0 0.010281659999999176 3.5535960629662355E-7 0.0 3.5535964441377025E-7
0.0 0.5 0.3157894736842105 0.9924922700000754 0.0 0.007507730000000681 3.7591504942202647E-7 0.0 3.759152470902768E-7
0.0 0.5 0.3684210526315789 0.9967998499999906 0.0 0.0032001499999999776 1.1115309672682372E-7 0.0 1.1115297750089027E-7
0.0 0.5 0.42105263157894735 0.9973343700000691 0.0 0.002665629999999997 1.8585949979055272E-7 0.0 1.8585970309956558E-7
0.0 0.5 0.47368421052631576 0.9987365800001955 0.0 0.0012634200000001025 4.551353638415634E-8 0.0 4.551390359970183E-8
0.0 0.5 0.5263157894736842 0.999948729999928 0.0 5.127000000000562E-5 2.4984274649142435E-9 0.0 2.498387099999745E-9
0.0 0.5 0.5789473684210527 0.9999844599999023 0.0 1.553999999999991E-5 1.312615349746693E-9 0.0 1.3125084000000622E-9
0.0 0.5 0.631578947368421 0.9997457600000228 0.0 2.5423999999994913E-4 4.856080315640554E-9 0.0 4.856022400025498E-9
0.0 0.5 0.6842105263157895 0.9999889499999018 0.0 1.1049999999999904E-5 9.830000147204032E-10 0.0 9.828975000000166E-10
0.0 0.5 0.7368421052631579 0.9997805800000306 0.0 2.1941999999995268E-4 3.65686159131684E-9 0.0 3.6568636000121964E-9
0.0 0.5 0.7894736842105263 0.9997999999999952 0.0 1.9999999999997402E-4 1.234568003383174E-13 0.0 9.224718191191365E-21
0.0 0.5 0.8421052631578947 0.9999464499999419 0.0 5.3550000000005984E-5 2.4874075021941167E-9 0.0 2.48739749999975E-9
0.0 0.5 0.8947368421052632 0.9997999999999952 0.0 1.9999999999997402E-4 1.234568003383174E-13 0.0 9.224718191191365E-21
0.0 0.5 0.9473684210526315 0.999823240000112 0.0 1.7675999999998605E-4 1.7836641053037283E-9 0.0 1.7839024000112364E-9
0.0 0.5 1.0 0.9999762199999066 0.0 2.3780000000001226E-5 1.812623162678051E-9 0.0 1.8125115999999767E-9

0.05 0.5 0.0 0.30090000000001005 0.0 0.6991000000000573 1.3281042932078435E-14 0.0 -2.3203661214665772E-14
0.05 0.5 0.05263157894736842 0.7114171999999955 0.0 0.28858280000001746 2.023243617266246E-5 0.0 2.0232436141257026E-5
0.05 0.5 0.10526315789473684 0.9576467199999977 0.0 0.042353280000000174 2.2389332017258567E-6 0.0 2.2389332416828268E-6
0.05 0.5 0.15789473684210525 0.9670701000000133 0.0 0.03292989999999855 2.0513659433341047E-6 0.0 2.0513659900601826E-6
0.05 0.5 0.21052631578947367 0.9785031600000623 0.0 0.02149683999999774 1.9685838547056633E-6 0.0 1.9685840145415665E-6
0.05 0.5 0.2631578947368421 0.9946374800000249 0.0 0.005362519999999054 1.0522918381106194E-7 0.0 1.0522924960677202E-7
0.05 0.5 0.3157894736842105 0.9988025600001624 0.0 0.001197440000000181 5.887159759687677E-9 0.0 5.88744639926974E-9
0.05 0.5 0.3684210526315789 0.9997492400000556 0.0 2.507600000000006E-4 8.667322082267503E-9 0.0 8.667422399996794E-9
0.05 0.5 0.42105263157894735 0.998093689999868 0.0 0.0019063099999998005 4.359155947319948E-8 0.0 4.359118390077315E-8
0.05 0.5 0.47368421052631576 0.9997375199999619 0.0 2.624799999999786E-4 2.6044573164796248E-9 0.0 2.6042496000148113E-9
0.05 0.5 0.5263157894736842 0.9994427499999455 0.0 5.572499999998455E-4 2.0651655052716933E-8 0.0 2.0651437500202748E-8
0.05 0.5 0.5789473684210527 0.9996832399997754 0.0 3.1676000000000794E-4 1.7677340702348943E-9 0.0 1.767102399973171E-9
0.05 0.5 0.631578947368421 0.999803920000015 0.0 1.9607999999997605E-4 3.766960077200565E-10 0.0 3.7663360000948247E-10
0.05 0.5 0.6842105263157895 0.9998626700002362 0.0 1.3732999999996809E-4 4.410837362023301E-9 0.0 4.411471100016929E-9
0.05 0.5 0.7368421052631579 0.9998044700000035 0.0 1.9552999999997633E-4 6.831099019777298E-10 0.0 6.830191000089647E-10
0.05 0.5 0.7894736842105263 0.9999069700001818 0.0 9.302999999999062E-5 6.47903508621539E-10 0.0 6.484191000018163E-10
0.05 0.5 0.8421052631578947 0.9999045500001965 0.0 9.544999999998936E-5 4.3374970282172853E-10 0.0 4.3429750000197496E-10
0.05 0.5 0.8947368421052632 0.9999441699999557 0.0 5.583000000000635E-5 2.465990744937585E-9 0.0 2.466011099999752E-9
0.05 0.5 0.9473684210526315 0.9998295200002535 0.0 1.7047999999996824E-4 8.223885461511315E-9 0.0 8.224569600018275E-9
0.05 0.5 1.0 0.9998471200002443 0.0 1.52879999999971E-4 6.053045842335791E-9 0.0 6.053705600018702E-9

0.1 0.5 0.0 0.2743999999999483 0.0 0.725599999999993 3.2709945863018675E-14 0.0 -3.341771304121721E-14
0.1 0.5 0.05263157894736842 0.7625010399999611 0.0 0.23749895999999915 8.915516918395205E-6 0.0 8.915516921371991E-6
0.1 0.5 0.10526315789473684 0.9141972699999782 0.0 0.08580272999999788 7.333103537510155E-6 0.0 7.333103547712064E-6
0.1 0.5 0.15789473684210525 0.9709199599999393 0.0 0.02908003999999843 8.790977544803624E-7 0.0 8.790975985402145E-7
0.1 0.5 0.21052631578947367 0.9963051699999066 0.0 0.003694830000000584 1.135183947953422E-7 0.0 1.1351827109789303E-7
0.1 0.5 0.2631578947368421 0.9974639100000987 0.0 0.002536089999999905 3.2858182397177416E-8 0.0 3.28585119007163E-8
0.1 0.5 0.3157894736842105 0.9971236999999383 0.0 0.002876300000000554 4.50284795006084E-8 0.0 4.502830999507025E-8
0.1 0.5 0.3684210526315789 0.9993504000000927 0.0 6.496000000000691E-4 9.391769584254916E-9 0.0 9.391839999862686E-9
0.1 0.5 0.42105263157894735 0.9992670199999119 0.0 7.329800000000487E-4 2.026657064391202E-8 0.0 2.0266319599897794E-8
0.1 0.5 0.47368421052631576 0.9995116399999855 0.0 4.883599999999661E-4 2.589267278363394E-8 0.0 2.5892510400009643E-8
0.1 0.5 0.5263157894736842 0.9995523200000731 0.0 4.476799999999009E-4 2.4944850629537996E-9 0.0 2.4946176000511205E-9
0.1 0.5 0.5789473684210527 0.9995559200000026 0.0 4.4407999999990195E-4 4.2969979796581015E-9 0.0 4.296953600072091E-9
0.1 0.5 0.631578947368421 0.9997313199999242 0.0 2.686799999999945E-4 2.1513488768221123E-9 0.0 2.1510576000071823E-9
0.1 0.5 0.6842105263157895 0.9995243399998109 0.0 4.756599999998789E-4 1.3576124224812247E-8 0.0 1.3575564400146353E-8
0.1 0.5 0.7368421052631579 0.9995238199999456 0.0 4.7617999999988533E-4 1.9168105991340667E-9 0.0 1.916607600100192E-9
0.1 0.5 0.7894736842105263 0.9999772199999061 0.0 2.2780000000001066E-5 1.759182577387719E-9 0.0 1.759071599999997E-9
0.1 0.5 0.8421052631578947 0.9999000000002242 0.0 9.999999999998701E-5 -6.084022174945858E-13 0.0 2.306179547797841E-21
0.1 0.5 0.8947368421052632 0.9996999999997668 0.0 3.000000000000127E-4 6.402656183013278E-13 0.0 -2.7091819422336762E-20
0.1 0.5 0.9473684210526315 0.99995077999992 0.0 4.922000000000529E-5 2.4994503133868307E-9 0.0 2.4993915999997375E-9
0.1 0.5 1.0 0.9999865699999011 0.0 1.3429999999999882E-5 1.1627409035597225E-9 0.0 1.1626351000000415E-9

0.15 0.5 0.0 0.23269999999997593 0.0 0.7672999999999659 1.8735013540549517E-15 0.0 -1.6653345369377348E-15
0.15 0.5 0.05263157894736842 0.7523506900000033 0.0 0.24764930999999385 1.70877775207412E-5 0.0 1.7087777527367842E-5
0.15 0.5 0.10526315789473684 0.9391925599999503 0.0 0.060807440000000296 2.253948771402392E-6 0.0 2.253948646210001E-6
0.15 0.5 0.15789473684210525 0.9879291400001264 0.0 0.012070859999999631 3.0483460899954906E-7 0.0 3.0483486040190936E-7
0.15 0.5 0.21052631578947367 0.9929088399999519 0.0 0.007091160000000179 3.095659307783549E-7 0.0 3.09565854392158E-7
0.15 0.5 0.2631578947368421 0.9992558800000058 0.0 7.441199999999371E-4 2.014351141443882E-8 0.0 2.0143425600212844E-8
0.15 0.5 0.3157894736842105 0.9997335099999352 0.0 2.6648999999998973E-4 2.2283468403827555E-9 0.0 2.228079900011358E-9
0.15 0.5 0.3684210526315789 0.9996000000000863 0.0 3.9999999999994803E-4 -8.448797217397441E-14 0.0 3.689887276476546E-20
0.15 0.5 0.42105263157894735 0.9993947400000788 0.0 6.05260000000087E-4 2.6963042909500246E-9 0.0 2.6963323998255177E-9
0.15 0.5 0.47368421052631576 0.9997999999999952 0.0 1.9999999999997402E-4 1.234568003383174E-13 0.0 9.224718191191365E-21
0.15 0.5 0.5263157894736842 0.9999000000002242 0.0 9.999999999998701E-5 -6.084022174945858E-13 0.0 2.306179547797841E-21
0.15 0.5 0.5789473684210527 0.9996000000000863 0.0 3.9999999999994803E-4 -8.448797217397441E-14 0.0 3.689887276476546E-20
0.15 0.5 0.631578947368421 0.9999500599999204 0.0 4.994000000000541E-5 2.500053608578412E-9 0.0 2.4999963999997404E-9
0.15 0.5 0.6842105263157895 0.9999390999999865 0.0 6.090000000000716E-5 2.3811020932740234E-9 0.0 2.3811899999997445E-9
0.15 0.5 0.7368421052631579 0.9997511500000101 0.0 2.4884999999993257E-4 4.510762763310083E-9 0.0 4.510677500028536E-9
0.15 0.5 0.7894736842105263 0.9999604099999108 0.0 3.95900000000026E-5 4.6037327283698914E-9 0.0 4.603631900000388E-9
0.15 0.5 0.8421052631578947 0.9999845299999022 0.0 1.5469999999999898E-5 1.3077861016341785E-9 0.0 1.307679100000062E-9
0.15 0.5 0.8947368421052632 0.999876419999974 0.0 1.2358000000001245E-4 1.1557951373752928E-8 0.0 1.1557983600000233E-8
0.15 0.5 0.9473684210526315 0.9998666700002377 0.0 1.33329999999971E-4 2.221474559860326E-9 0.0 2.22211110001243E-9
0.15 0.5 1.0 0.9999775299999059 0.0 2.2470000000001016E-5 1.742210042898762E-9 0.0 1.7420991000000034E-9

0.2 0.5 0.0 0.21059999999997145 0.0 0.7893999999999818 1.969951979319262E-14 0.0 -9.747758156208874E-14
0.2 0.5 0.05263157894736842 0.7855109200000119 0.0 0.21448907999999328 8.529586700056768E-6 0.0 8.529586759876973E-6
0.2 0.5 0.10526315789473684 0.9413241400000135 0.0 0.0586758600000005 4.460735228972723E-6 0.0 4.460735260731607E-6
0.2 0.5 0.15789473684210525 0.9968038400000121 0.0 0.0031961599999997996 3.136135751091729E-8 0.0 3.136125440220987E-8
0.2 0.5 0.21052631578947367 0.9985453699999254 0.0 0.0014546300000003723 2.1574915187727584E-8 0.0 2.1574563098333838E-8
0.2 0.5 0.2631578947368421 0.9997999999999952 0.0 1.9999999999997402E-4 1.234568003383174E-13 0.0 9.224718191191365E-21
0.2 0.5 0.3157894736842105 0.9989451299999001 0.0 0.0010548699999999034 1.746226163668041E-8 0.0 1.746228309991211E-8
0.2 0.5 0.3684210526315789 0.9994000000001493 0.0 6.000000000000254E-4 -1.8107737531636303E-13 0.0 -1.0836727768934705E-19
0.2 0.5 0.42105263157894735 0.9999000000002242 0.0 9.999999999998701E-5 -6.084022174945858E-13 0.0 2.306179547797841E-21
0.2 0.5 0.47368421052631576 0.9997999999999952 0.0 1.9999999999997402E-4 1.234568003383174E-13 0.0 9.224718191191365E-21
0.2 0.5 0.5263157894736842 0.9998277600002544 0.0 1.7223999999996684E-4 8.574698839858286E-9 0.0 8.575382400017905E-9
0.2 0.5 0.5789473684210527 0.9995351500000575 0.0 4.6484999999989087E-4 4.501383932264957E-9 0.0 4.5014775000716075E-9
0.2 0.5 0.631578947368421 0.9999618799999141 0.0 3.812000000000352E-5 2.358948925085258E-9 0.0 2.3588655999996493E-9
0.2 0.5 0.6842105263157895 0.9999073600001794 0.0 9.263999999999082E-5 6.813200004174291E-10 0.0 6.818304000017913E-10
0.2 0.5 0.7368421052631579 0.9997655400000097 0.0 2.344599999999406E-4 2.258591313974989E-9 0.0 2.258508400014594E-9
0.2 0.5 0.7894736842105263 0.9998761200001036 0.0 1.238799999999916E-4 7.153403314141826E-9 0.0 7.1537456000067836E-9
0.2 0.5 0.8421052631578947 0.9995950299999228 0.0 4.049699999999222E-4 1.3418572919476901E-8 0.0 1.3418299100086598E-8
0.2 0.5 0.8947368421052632 0.9996377799998895 0.0 3.6221999999996277E-4 2.3879060839782085E-8 0.0 2.387867160007903E-8
0.2 0.5 0.9473684210526315 0.9997970400001568 0.0 2.0295999999995828E-4 6.182862333226069E-9 0.0 6.1832384000136184E-9
0.2 0.5 1.0 0.9998865300002272 0.0 1.1346999999997805E-4 1.1649441411520911E-9 0.0 1.165559100002338E-9

0.25 0.5 0.0 0.1915999999999762 0.0 0.8083999999999673 9.166278847061449E-15 0.0 2.6201263381153694E-14
0.25 0.5 0.05263157894736842 0.7970380499999918 0.0 0.2029619500000036 1.1668013218613105E-5 0.0 1.1668013196720894E-5
0.25 0.5 0.10526315789473684 0.9657148700000419 0.0 0.034285129999999164 1.1290518319162501E-6 0.0 1.1290518831016515E-6
0.25 0.5 0.15789473684210525 0.9979420299999202 0.0 0.002057969999999834 3.524268310517442E-8 0.0 3.524247910026555E-8
0.25 0.5 0.21052631578947367 0.9989662200001694 0.0 0.001033779999999774 2.236510199260522E-9 0.0 2.2369116005306004E-9
0.25 0.5 0.2631578947368421 0.9995454600000517 0.0 4.5453999999989654E-4 2.4793083142071737E-9 0.0 2.479388400063438E-9
0.25 0.5 0.3157894736842105 0.9994976999998353 0.0 5.022999999998857E-4 8.717221056109281E-9 0.0 8.716710000110926E-9
0.25 0.5 0.3684210526315789 0.9995314399999813 0.0 4.685599999998893E-4 2.1556341156525605E-9 0.0 2.155526400087447E-9
0.25 0.5 0.42105263157894735 0.9995216799999322 0.0 4.783199999998842E-4 1.698216012258058E-9 0.0 1.6979776001044092E-9
0.25 0.5 0.47368421052631576 0.9998356600001744 0.0 1.6433999999999248E-4 2.2939327104509744E-9 0.0 2.2943644000094043E-9
0.25 0.5 0.5263157894736842 0.9997892400001234 0.0 2.1075999999995354E-4 5.503951627794379E-9 0.0 5.504222400013717E-9
0.25 0.5 0.5789473684210527 0.9994255900000785 0.0 5.744099999998904E-4 4.5314026420051334E-8 0.0 4.531415190021846E-8
0.25 0.5 0.631578947368421 0.9997999999999952 0.0 1.9999999999997402E-4 1.234568003383174E-13 0.0 9.224718191191365E-21
0.25 0.5 0.6842105263157895 0.999681289999766 0.0 3.1871000000000704E-4 1.5215886328689976E-9 0.0 1.5209358999723145E-9
0.25 0.5 0.7368421052631579 0.9998998400001119 0.0 1.0015999999998435E-4 3.915612500904331E-9 0.0 3.915974400000285E-9
0.25 0.5 0.7894736842105263 0.9997685300000082 0.0 2.3146999999994417E-4 2.1567218011497857E-9 0.0 2.156639100013539E-9
0.25 0.5 0.8421052631578947 0.9999899299999027 0.0 1.0069999999999914E-5 9.056958516495683E-10 0.0 9.055951000000065E-10
0.25 0.5 0.8947368421052632 0.9996349199998741 0.0 3.650799999999661E-4 2.27304963740238E-9 0.0 2.27259360005012E-9
0.25 0.5 0.9473684210526315 0.9999176800001167 0.0 8.231999999999616E-5 1.4550445293082248E-9 0.0 1.4554176000012594E-9
0.25 0.5 1.0 0.9999000000002242 0.0 9.999999999998701E-5 -6.084022174945858E-13 0.0 2.306179547797841E-21

0.3 0.5 0.0 0.1703000000000108 0.0 0.8297000000000923 2.022687572988957E-15 0.0 -1.6830981053317373E-13
0.3 0.5 0.05263157894736842 0.7570348899999698 0.0 0.24296511000000665 1.3908735722378829E-5 0.0 1.3908735681820994E-5
0.3 0.5 0.10526315789473684 0.9954644600000209 0.0 0.004535540000000017 2.8272891694491875E-8 0.0 2.827290839891672E-8
0.3 0.5 0.15789473684210525 0.9972676699999786 0.0 0.0027323300000001625 9.833844738516007E-9 0.0 9.833771099200367E-9
0.3 0.5 0.21052631578947367 0.9986174400001645 0.0 0.0013825599999998505 3.7783656758882955E-8 0.0 3.7783846400325916E-8
0.3 0.5 0.2631578947368421 0.9994616300000905 0.0 5.383699999999784E-4 8.052620126264287E-9 0.0 8.052743100038158E-9
0.3 0.5 0.3157894736842105 0.9989933899999531 0.0 0.0010066099999999241 9.361199371227258E-9 0.0 9.361307900131539E-9
0.3 0.5 0.3684210526315789 0.9994734000000558 0.0 5.266000000000391E-4 1.2012405181671681E-8 0.0 1.2012439999945972E-8
0.3 0.5 0.42105263157894735 0.9991958700001017 0.0 8.041299999998944E-4 3.9565095644178427E-10 0.0 3.959431001471711E-10
0.3 0.5 0.47368421052631576 0.9997723500000278 0.0 2.2764999999994788E-4 3.8704928151389595E-9 0.0 3.870477500012189E-9
0.3 0.5 0.5263157894736842 0.9995797099998788 0.0 4.2028999999991785E-4 1.1317713433101062E-8 0.0 1.1317315900089131E-8
0.3 0.5 0.5789473684210527 0.9280746500000001 0.03860563999999975 0.03331970999999989 3.91423496382326E-4 1.1623721019039454E-4 8.525645251589685E-5
0.3 0.5 0.631578947368421 0.8933761400000026 0.05954873999999995 0.04707511999999996 3.303624846945352E-4 1.0732616441241514E-4 6.667962298557203E-5
0.3 0.5 0.6842105263157895 0.8668802599999975 0.07693347999999967 0.05618625999999988 2.4873664233604487E-4 8.906490108961333E-5 4.655705921243966E-5
0.3 0.5 0.7368421052631579 0.8488773000000008 0.09001982999999973 0.06110287000000028 2.2491887070197336E-4 8.630421577108215E-5 3.9781108763117454E-5
0.3 0.5 0.7894736842105263 0.8348606900000001 0.10110388999999974 0.06403542000000015 1.937274937209299E-4 7.895333986783146E-5 3.250017542360661E-5
0.3 0.5 0.8421052631578947 0.8242853800000018 0.11025714000000075 0.06545748 1.7663339825546576E-4 7.696480702025672E-5 2.7677520049602597E-5
0.3 0.5 0.8947368421052632 0.8146449399999982 0.11889112000000017 0.0664639400000001 1.6643685440265177E-4 7.47812231457097E-5 2.5332533676380303E-5
0.3 0.5 0.9473684210526315 0.8072418899999972 0.12616405000000036 0.06659406000000022 1.5421373823432116E-4 7.265044459765779E-5 2.2280740716344553E-5
0.3 0.5 1.0 0.8001564299999986 0.13319965000000064 0.06664391999999983 1.41923486658313E-4 6.95892928775331E-5 2.0003187033618836E-5

0.35 0.5 0.0 0.15340000000002 0.0 0.8465999999998529 -3.472916398905568E-15 0.0 1.723066134218243E-13
0.35 0.5 0.05263157894736842 0.8503195800000066 0.0 0.14968042000000653 9.804084662334844E-6 0.0 9.804084622141301E-6
0.35 0.5 0.10526315789473684 0.9958699800001354 0.0 0.004130020000000847 2.45438791512953E-9 0.0 2.4547995916309308E-9
0.35 0.5 0.15789473684210525 0.9974499099998804 0.0 0.002550089999999848 1.7384284234367442E-8 0.0 1.7383991899887048E-8
0.35 0.5 0.21052631578947367 0.9988709800000221 0.0 0.001129019999999983 9.383696708553657E-9 0.0 9.383839599743159E-9
0.35 0.5 0.2631578947368421 0.9993317599998636 0.0 6.68240000000157E-4 1.7583695832712465E-8 0.0 1.7583302399754648E-8
0.35 0.5 0.3157894736842105 0.8768235800000007 0.04767570999999999 0.07550070999999975 5.50062377980054E-4 8.97989549958865E-5 2.074021764959088E-4
0.35 0.5 0.3684210526315789 0.8097581999999983 0.08068963000000019 0.10955216999999981 3.3097277276372683E-4 6.974981946301483E-5 1.1245418929113626E-4
0.35 0.5 0.42105263157894735 0.7701995200000017 0.10507937999999976 0.12472110000000065 2.583256977649606E-4 6.56693508156482E-5 8.000085679005925E-5
0.35 0.5 0.47368421052631576 0.7429672700000025 0.1250634900000003 0.13196924000000065 2.1068526173995128E-4 6.28463960200415E-5 5.962272182247902E-5
0.35 0.5 0.5263157894736842 0.7241079400000012 0.14145189000000116 0.13444016999999997 1.8035853094910959E-4 5.979955642752485E-5 4.815660937126931E-5
0.35 0.5 0.5789473684210527 0.7108227499999988 0.15515431000000052 0.13402294000000087 1.595859594363258E-4 5.973399542371846E-5 3.939689375629524E-5
0.35 0.5 0.631578947368421 0.6999526499999983 0.1674514099999996 0.1325959400000005 1.443675529773647E-4 5.852683801184366E-5 3.372985951640914E-5
0.35 0.5 0.6842105263157895 0.6917644699999986 0.17810357999999915 0.13013195000000088 1.283889686178319E-4 5.589470518327366E-5 2.885394419749679E-5
0.35 0.5 0.7368421052631579 0.6854511200000005 0.18738189999999968 0.12716698000000054 1.219915847398001E-4 5.627164438955223E-5 2.601344167977443E-5
0.35 0.5 0.7894736842105263 0.680593450000001 0.19553700000000096 0.12386955000000033 1.0920866208968816E-4 5.3077992999195356E-5 2.302730179760612E-5
0.35 0.5 0.8421052631578947 0.6764904999999997 0.20300817999999932 0.12050132000000031 1.0344253574218198E-4 5.279275308790049E-5 2.1092934257610843E-5
0.35 0.5 0.8947368421052632 0.6728112800000002 0.20985618000000064 0.11733254000000068 9.918832675503975E-5 5.2691175807438595E-5 1.9447811148308805E-5
0.35 0.5 0.9473684210526315 0.6704341200000004 0.21573665000000053 0.11382923000000028 9.356705782331831E-5 5.097185377742064E-5 1.790059460713561E-5
0.35 0.5 1.0 0.6681823300000028 0.2212183799999994 0.11059928999999992 8.91665567682165E-5 5.1186478175736794E-5 1.6377268495997716E-5

0.4 0.5 0.0 0.14470000000000038 0.0 0.8553000000000032 2.8796409701214998E-15 0.0 -1.4654943925052066E-14
0.4 0.5 0.05263157894736842 0.8734070200000114 0.0 0.12659298000000271 3.4574846777823964E-6 0.0 3.4574847197869907E-6
0.4 0.5 0.10526315789473684 0.9969120199999689 0.0 0.0030879799999993496 1.0577591025295874E-9 0.0 1.0575196034606137E-9
0.4 0.5 0.15789473684210525 0.9975285600001846 0.0 0.0024714400000001293 2.648400876381629E-8 0.0 2.6484326400508285E-8
0.4 0.5 0.21052631578947367 0.8366101400000019 0.04838294999999994 0.11500690999999984 6.554838351738868E-4 6.845433829747501E-5 3.230883392519347E-4
0.4 0.5 0.2631578947368421 0.7458887400000022 0.08761942999999964 0.16649182999999845 3.7482314520487225E-4 5.983622947510099E-5 1.6252692825154819E-4
0.4 0.5 0.3157894736842105 0.6958635200000001 0.11775337000000051 0.1863831100000004 2.674288152050286E-4 5.6927748643133616E-5 1.0319159772727987E-4
0.4 0.5 0.3684210526315789 0.6626935900000018 0.14312594000000106 0.1941804700000011 2.0041633790951474E-4 5.345400511597154E-5 7.130825557830067E-5
0.4 0.5 0.42105263157894735 0.640901589999999 0.16416880000000014 0.19492961000000075 1.6547234247588083E-4 5.202761256012031E-5 5.477107024724065E-5
0.4 0.5 0.47368421052631576 0.6254494999999963 0.18221096000000003 0.19233953999999975 1.4185377975461932E-4 5.018136987763183E-5 4.4902276587807655E-5
0.4 0.5 0.5263157894736842 0.6153483999999984 0.1972367599999996 0.1874148400000001 1.2312698544458822E-4 4.9044150702406974E-5 3.67655517735932E-5
0.4 0.5 0.5789473684210527 0.6074884999999982 0.21061031000000055 0.18190119000000002 1.0881518175787086E-4 4.816531670379792E-5 3.105674558328414E-5
0.4 0.5 0.631578947368421 0.6018601399999981 0.2222566700000001 0.1758831899999988 1.0446122518636969E-4 4.9995685510818844E-5 2.799129842382883E-5
0.4 0.5 0.6842105263157895 0.5974391199999989 0.23260059999999957 0.16996027999999877 9.189943763138197E-5 4.646720963993878E-5 2.4423956321892315E-5
0.4 0.5 0.7368421052631579 0.5943957599999962 0.2416544500000001 0.16394979000000082 8.784338403017289E-5 4.603977019743827E-5 2.268919595596261E-5
0.4 0.5 0.7894736842105263 0.5921182299999972 0.24970371999999988 0.15817805000000007 8.308791667405169E-5 4.538457016254466E-5 2.119464119750697E-5
0.4 0.5 0.8421052631578947 0.5903045299999996 0.2570604099999999 0.15263506000000085 7.940173448306442E-5 4.576521963275959E-5 1.918179279622456E-5
0.4 0.5 0.8947368421052632 0.5892131599999971 0.2634956900000002 0.14729114999999998 7.737462882179136E-5 4.494507442411033E-5 1.8903212677293113E-5
0.4 0.5 0.9473684210526315 0.5883099199999994 0.2694660499999994 0.14222403000000075 7.334218159787964E-5 4.4961468397983206E-5 1.712178955849339E-5
0.4 0.5 1.0 0.5874828400000012 0.2750289199999993 0.13748824000000062 7.113136953501575E-5 4.4516201633537644E-5 1.5943581702097115E-5

0.55 0.5 0.0 0.10930000000000267 0.0 0.8907000000000147 -6.956241138666996E-16 0.0 -3.574918139293004E-14
0.55 0.5 0.05263157894736842 0.7259107999999981 0.0 0.2740891999999962 6.924336282132515E-8 0.0 6.924336204416903E-8
0.55 0.5 0.10526315789473684 0.7245658000000013 0.047901699999999985 0.22753250000000008 9.861563303574794E-4 5.3234387110002133E-5 6.64379793749878E-4
0.55 0.5 0.15789473684210525 0.6125386999999998 0.0929550000000001 0.29450629999999994 4.60362492309907E-4 5.402455499998321E-5 2.579583103099192E-4
0.55 0.5 0.21052631578947367 0.5448390999999999 0.13486879999999996 0.3202920999999999 2.7083050118986707E-4 5.606186656000045E-5 1.3210062759008712E-4
0.55 0.5 0.2631578947368421 0.5049115999999998 0.17067319999999997 0.3244152000000002 1.653212054404385E-4 4.5654881759962795E-5 7.292522895964437E-5
0.55 0.5 0.3157894736842105 0.47909660000000004 0.2017736999999999 0.3191297000000002 1.276159284397116E-4 4.566551831005489E-5 5.301086790956977E-5
0.55 0.5 0.3684210526315789 0.4649048999999999 0.2270066000000002 0.3080884999999997 9.469180598975502E-5 4.170485643984617E-5 3.937029775014089E-5
0.55 0.5 0.42105263157894735 0.4541001000000001 0.2496356000000003 0.2962643000000002 7.925984998974345E-5 4.098743263981214E-5 3.561125550985422E-5
0.55 0.5 0.47368421052631576 0.44861040000000035 0.26830059999999983 0.2830889999999998 7.334669183950426E-5 4.022583964025106E-5 2.894975900014085E-5
0.55 0.5 0.5263157894736842 0.4459827000000003 0.28400350000000063 0.27001379999999997 7.024469070945893E-5 4.3045837749500215E-5 2.7753049560097498E-5
0.55 0.5 0.5789473684210527 0.4432250000000003 0.2989901000000003 0.25778489999999976 6.1039934999646E-5 3.866337198965564E-5 2.3404001990093293E-5
0.55 0.5 0.631578947368421 0.44230279999999983 0.31133449999999996 0.2463627000000002 6.199297215955801E-5 4.11062597498596E-5 2.500483870984671E-5
0.55 0.5 0.6842105263157895 0.4423177 0.3222332000000002 0.23544909999999972 5.3319916709509974E-5 3.668509775980877E-5 2.1723459190041428E-5
0.55 0.5 0.7368421052631579 0.4423540999999995 0.3322047999999994 0.22544109999999998 5.1891083190036547E-5 3.653903696031191E-5 2.0348600789962812E-5
0.55 0.5 0.7894736842105263 0.44293019999999983 0.3411436000000003 0.21592619999999987 5.1469227959927144E-5 3.98800590397097E-5 2.0117513559930744E-5
0.55 0.5 0.8421052631578947 0.4443980999999995 0.34848580000000007 0.2071161000000001 5.0268826389865406E-5 3.581687836008707E-5 1.901929078988035E-5
0.55 0.5 0.8947368421052632 0.4448886000000002 0.35623710000000003 0.19887430000000003 4.993237003919626E-5 3.844003359021464E-5 1.7533509509948253E-5
0.55 0.5 0.9473684210526315 0.4458435999999999 0.36270449999999993 0.19145190000000004 4.9488579039996816E-5 3.80232497499966E-5 1.9046996389986137E-5
0.55 0.5 1.0 0.44689950000000034 0.36875670000000044 0.18434379999999992 4.275670974959733E-5 3.34793351095819E-5 1.6288441560041722E-5

0.6 0.5 0.0 0.10269999999999824 0.0 0.8972999999999914 3.122502256758253E-16 0.0 1.942890293094024E-14
0.6 0.5 0.05263157894736842 0.946474099999987 0.0 0.05352589999999964 2.619232275513639E-9 0.0 2.6191900731609152E-9
0.6 0.5 0.10526315789473684 0.6646832000000004 0.058257499999999914 0.27705930000000034 9.756818177599769E-4 6.015658375001275E-5 6.521047735097013E-4
0.6 0.5 0.15789473684210525 0.5597459999999992 0.1056985 0.33455549999999984 3.9348840400071916E-4 5.5807987749990906E-5 2.1391572974995E-4
0.6 0.5 0.21052631578947367 0.4968015000000008 0.14902760000000015 0.35417089999999957 2.0075512774928028E-4 4.8664698239948845E-5 9.688300319046772E-5
0.6 0.5 0.2631578947368421 0.4614471000000003 0.18566179999999988 0.3528911 1.4405753158941437E-4 4.832436076003532E-5 6.497353079013002E-5
0.6 0.5 0.3157894736842105 0.4397319999999997 0.21673909999999982 0.3435288999999993 1.0520125599988717E-4 4.4239401190040994E-5 4.7586934790580515E-5
0.6 0.5 0.3684210526315789 0.4257914000000004 0.24355949999999973 0.3306491 9.032986603949023E-5 4.351610975020237E-5 3.825097918983E-5
0.6 0.5 0.42105263157894735 0.41793869999999994 0.26592349999999965 0.31613780000000036 7.232423230971174E-5 4.0734257750280056E-5 3.061645115963463E-5
0.6 0.5 0.47368421052631576 0.41309270000000026 0.2856381999999998 0.30126909999999973 5.861163670969893E-5 3.828030076004352E-5 2.801819519006321E-5
0.6 0.5 0.5263157894736842 0.41092110000000026 0.30192370000000024 0.28715519999999994 5.9536844789875865E-5 3.764356830965321E-5 2.7538152959832862E-5
0.6 0.5 0.5789473684210527 0.40979150000000014 0.31674599999999964 0.2734625000000001 5.5655517749830796E-5 3.780714400015983E-5 2.2852923749844267E-5
0.6 0.5 0.631578947368421 0.40874359999999926 0.32988469999999986 0.26137170000000004 5.2947119040441804E-5 3.817471590980559E-5 2.2136849110024337E-5
0.6 0.5 0.6842105263157895 0.4094764999999992 0.3411031000000001 0.24942040000000001 4.966707775075352E-5 3.514206038987555E-5 2.1658083839984354E-5
0.6 0.5 0.7368421052631579 0.4096363999999996 0.3518345000000002 0.2385290999999997 4.833455504021922E-5 3.547413975002467E-5 1.9123823190150824E-5
0.6 0.5 0.7894736842105263 0.41095039999999977 0.36064379999999985 0.22840580000000021 4.7036299840041984E-5 3.678916156030221E-5 1.9532666359782513E-5
0.6 0.5 0.8421052631578947 0.41176310000000027 0.3690695999999999 0.21916729999999987 4.498482838971585E-5 3.705169584014567E-5 2.003810070993345E-5
0.6 0.5 0.8947368421052632 0.4135673 0.37615620000000016 0.21027650000000017 4.131140071000905E-5 3.5377901560135205E-5 1.7744817749909547E-5
0.6 0.5 0.9473684210526315 0.4144903000000002 0.38338320000000065 0.2021265 4.341737590954353E-5 3.546803775958396E-5 1.7245127749934697E-5
0.6 0.5 1.0 0.4161828000000007 0.38909459999999996 0.19472260000000005 3.794542415958002E-5 3.450583084013692E-5 1.7630049239977796E-5

0.65 0.5 0.0 0.09140000000000091 0.0 0.9086000000000127 -2.7929047963226594E-16 0.0 -4.241051954068098E-14
0.65 0.5 0.05263157894736842 0.7844263000000039 0.0 0.21557369999999823 1.6425831061983587E-7 0.0 1.6425831154270876E-7
0.65 0.5 0.10526315789473684 0.6116491999999997 0.06760930000000005 0.32074150000000035 7.398581993601216E-4 5.7434663510002454E-5 4.910011477497478E-4
0.65 0.5 0.15789473684210525 0.5164203999999992 0.11601769999999997 0.3675618999999999 3.36315063840964E-4 5.455839671000308E-5 1.908063183901909E-4
0.65 0.5 0.21052631578947367 0.45878889999999944 0.16051259999999987 0.3806984999999995 1.927514267905106E-4 4.829544123999621E-5 9.352060775066895E-5
0.65 0.5 0.2631578947368421 0.42533000000000015 0.19825610000000013 0.37641390000000013 1.2389043999955218E-4 4.297800278994096E-5 5.726377678991201E-5
0.65 0.5 0.3157894736842105 0.4055650000000003 0.23006159999999984 0.36437340000000046 9.594457499961795E-5 4.2583525440044456E-5 4.5357392439826505E-5
0.65 0.5 0.3684210526315789 0.3944804000000002 0.2567809000000001 0.34873869999999974 7.489105584018718E-5 3.944008519000952E-5 3.611327231041461E-5
0.65 0.5 0.42105263157894735 0.38756310000000005 0.2798269999999993 0.33260990000000024 6.558328839015304E-5 4.1915791000393665E-5 3.141055198972731E-5
0.65 0.5 0.47368421052631576 0.3835325999999996 0.2998901999999998 0.3165771999999995 5.8698397240347644E-5 3.8975563960139126E-5 2.8183940159992593E-5
0.65 0.5 0.5263157894736842 0.3815016000000004 0.31717749999999995 0.3013208999999997 5.736259743971406E-5 4.0317563749794894E-5 2.4970513190045174E-5
0.65 0.5 0.5789473684210527 0.3808042 0.3324160999999998 0.28677970000000036 4.987844236031824E-5 3.649745078992961E-5 2.504741790979037E-5
0.65 0.5 0.631578947368421 0.38092930000000025 0.3456862000000001 0.2733845 4.60754315100842E-5 3.629016956009645E-5 2.2900429749880824E-5
0.65 0.5 0.6842105263157895 0.38117600000000057 0.35774820000000024 0.2610758 4.296762399980114E-5 3.350887675995784E-5 1.9829674359997385E-5
0.65 0.5 0.7368421052631579 0.38274700000000045 0.3676171000000006 0.2496359 4.904485099971323E-5 3.858225758954226E-5 1.9970901190012602E-5
0.65 0.5 0.7894736842105263 0.3845545999999996 0.37687029999999977 0.2385751 4.089391884037896E-5 3.402544791050732E-5 1.9277129990058484E-5
0.65 0.5 0.8421052631578947 0.38531499999999974 0.38566890000000004 0.22901610000000008 4.1729495000641936E-5 3.523232279029065E-5 1.7968050789914092E-5
0.65 0.5 0.8947368421052632 0.3869900999999999 0.3933117999999999 0.21969810000000023 4.105201199008923E-5 3.5838940760174465E-5 1.7924926389842333E-5
0.65 0.5 0.9473684210526315 0.38812589999999975 0.40045950000000036 0.2114146 3.930783919028902E-5 3.3651809749568606E-5 1.827642683989439E-5
0.65 0.5 1.0 0.3900003000000005 0.4066646000000003 0.20333510000000007 4.157262990955868E-5 3.5952406839512285E-5 1.633391798992051E-5

0.7 0.5 0.0 0.08539999999999943 0.0 0.9145999999999895 -8.153200337090993E-17 0.0 2.453592884421596E-14
0.7 0.5 0.05263157894736842 0.7034065999999985 0.028325899999999966 0.26826749999999994 0.0024666278364420813 6.152367919000227E-5 0.0019870781137499433
0.7 0.5 0.10526315789473684 0.5749982999999993 0.07385000000000014 0.35115170000000046 6.530552671106249E-4 5.827799999997413E-5 4.295982771096718E-4
0.7 0.5 0.15789473684210525 0.4823074000000002 0.1242492999999999 0.39344329999999944 3.138594652397908E-4 5.506575951000521E-5 1.7258611511036803E-4
0.7 0.5 0.21052631578947367 0.4273673999999993 0.16979029999999995 0.4028422999999999 1.5672363724045235E-4 4.623097591002073E-5 8.18110607102851E-5
0.7 0.5 0.2631578947368421 0.3967073000000005 0.2081571000000001 0.3951355999999999 1.1549065670959924E-4 4.351044958989664E-5 5.6948632640302366E-5
0.7 0.5 0.3157894736842105 0.3778969000000003 0.24102689999999977 0.38107620000000025 8.577232038994853E-5 4.251574639013017E-5 3.7851933559762685E-5
0.7 0.5 0.3684210526315789 0.36710120000000035 0.2686391 0.36425970000000035 6.899311855973478E-5 4.0592081189949614E-5 3.345036590993167E-5
0.7 0.5 0.42105263157894735 0.3608628000000003 0.2922486999999997 0.3468885 6.216409615997232E-5 4.118647831012623E-5 2.811245774997362E-5
0.7 0.5 0.47368421052631576 0.35780730000000005 0.31255529999999987 0.3296373999999995 5.6452136710044565E-5 4.005691191001637E-5 2.6245761240162313E-5
0.7 0.5 0.5263157894736842 0.3565964999999997 0.32997040000000044 0.3134331000000003 4.9419717750520675E-5 3.916616383965732E-5 2.462347438968171E-5
0.7 0.5 0.5789473684210527 0.3568314000000002 0.3449992000000003 0.29816940000000025 4.841195404009513E-5 3.8112859359687445E-5 2.2910723639843478E-5
0.7 0.5 0.631578947368421 0.3567391999999991 0.3590278000000001 0.28423300000000007 4.022322336075246E-5 3.5793667160083364E-5 2.2249290999948323E-5
0.7 0.5 0.6842105263157895 0.35767599999999977 0.37105199999999994 0.2712720000000003 4.3398004000383406E-5 3.7706155999989166E-5 2.2741715999904932E-5
0.7 0.5 0.7368421052631579 0.3589537000000003 0.38183510000000004 0.25921120000000003 3.934876631003781E-5 3.679781799037496E-5 1.995273455997204E-5
0.7 0.5 0.7894736842105263 0.3608266000000001 0.39133409999999963 0.24783930000000032 3.960263243993345E-5 3.280032719060744E-5 2.139168550979731E-5
0.7 0.5 0.8421052631578947 0.3620746000000001 0.4000577999999997 0.23786759999999993 3.898415484021589E-5 3.6103879159893326E-5 1.9113650240071278E-5
0.7 0.5 0.8947368421052632 0.36381890000000056 0.4081615999999995 0.22801950000000024 3.878431278947492E-5 3.564252544055457E-5 1.9715789749776003E-5
0.7 0.5 0.9473684210526315 0.36504380000000036 0.41563609999999973 0.21932010000000002 3.563412155957457E-5 3.215064679043533E-5 1.727392598989408E-5
0.7 0.5 1.0 0.36722329999999953 0.4219193000000005 0.21085740000000008 3.4925507110011855E-5 3.3229017509323056E-5 1.7078305239864866E-5

0.75 0.5 0.0 0.07519999999999867 0.0 0.9247999999999778 2.654126918244515E-16 0.0 2.042810365310288E-14
0.75 0.5 0.05263157894736842 0.6721894000000006 0.03128709999999998 0.29652350000000005 0.0029160259676387357 8.3976723590001E-5 0.0023392841777499784
0.75 0.5 0.10526315789473684 0.5429981999999998 0.07944889999999995 0.3775529000000003 7.113709967604964E-4 7.011445879000471E-5 4.6652715159009595E-4
0.75 0.5 0.15789473684210525 0.45372719999999983 0.13139370000000003 0.41487910000000067 3.115590001600832E-4 5.949265030998768E-5 1.7027957318918596E-4
0.75 0.5 0.21052631578947367 0.40219519999999986 0.17717349999999987 0.4206313000000001 1.5806279696015113E-4 5.133980775002406E-5 7.707359030967309E-5
0.75 0.5 0.2631578947368421 0.37196879999999904 0.216588 0.4114431999999997 1.0899714656070758E-4 4.411893599991917E-5 5.410533376012938E-5
0.75 0.5 0.3157894736842105 0.3543131000000004 0.2500351999999996 0.3956516999999998 7.846217838997083E-5 4.159418096021106E-5 3.798547711023059E-5
0.75 0.5 0.3684210526315789 0.3440070999999996 0.2782830999999999 0.3777097999999999 6.173761959038515E-5 4.0549264389913575E-5 3.1266783960509636E-5
0.75 0.5 0.42105263157894735 0.33880829999999995 0.30229730000000027 0.35889440000000006 5.4981621110186674E-5 3.783044270974645E-5 2.860262864035068E-5
0.75 0.5 0.47368421052631576 0.33605740000000034 0.3229630999999995 0.34097950000000027 4.76671052396932E-5 3.740336839014313E-5 2.276504974974003E-5
0.75 0.5 0.5263157894736842 0.33483809999999953 0.3410567999999996 0.3241051000000005 4.467507839021889E-5 3.51489937602395E-5 2.3984243989486065E-5
0.75 0.5 0.5789473684210527 0.3350588 0.35684050000000006 0.30810070000000006 3.91892025599222E-5 3.5444309750054526E-5 2.29094695097104E-5
0.75 0.5 0.631578947368421 0.33596170000000025 0.3705245999999999 0.29351370000000016 3.881192310968562E-5 3.631237484011396E-5 2.250850230996193E-5
0.75 0.5 0.6842105263157895 0.3367948000000006 0.3832985999999997 0.27990659999999995 3.923839295949527E-5 3.520719804042671E-5 2.081143643990757E-5
0.75 0.5 0.7368421052631579 0.33844010000000013 0.39396729999999963 0.26759259999999946 4.0360401989888994E-5 3.5165960710237254E-5 2.0726905240311955E-5
0.75 0.5 0.7894736842105263 0.3400407000000003 0.40394470000000005 0.2560145999999999 3.74967135095966E-5 3.2840191909633276E-5 2.081680684005993E-5
0.75 0.5 0.8421052631578947 0.3415695999999997 0.41310149999999984 0.24532890000000004 3.5309495840046834E-5 3.3602387750075735E-5 2.0469214790000412E-5
0.75 0.5 0.8947368421052632 0.34373830000000016 0.4211826 0.23507909999999943 3.4804963109813514E-5 3.261047723968069E-5 2.023109319025662E-5
0.75 0.5 0.9473684210526315 0.34519379999999966 0.4286524999999995 0.22615370000000015 3.252488156021971E-5 3.0300513750303182E-5 1.7839006309791627E-5
0.75 0.5 1.0 0.34702499999999986 0.4352937000000002 0.2176812999999999 3.237587500012906E-5 3.297541030947149E-5 1.7380680309944663E-5

0.8 0.5 0.0 0.07809999999999874 0.0 0.9219000000000084 2.211772431870429E-16 0.0 -3.885780586188048E-15
0.8 0.5 0.05263157894736842 0.6491452999999998 0.03341089999999999 0.3174438000000005 0.0035236913179104157 1.0917393118999854E-4 0.002829526081559647
0.8 0.5 0.10526315789473684 0.5129636000000004 0.08479779999999999 0.4022385999999998 6.550562350399192E-4 7.108183515999213E-5 4.189358500401308E-4
0.8 0.5 0.15789473684210525 0.4288848000000007 0.13718360000000024 0.4339316000000001 2.358151689591248E-4 5.244285103996049E-5 1.278613414394114E-4
0.8 0.5 0.21052631578947367 0.3784564999999997 0.18421439999999997 0.4373290999999997 1.3862485775029132E-4 4.618675264000949E-5 7.202098318992434E-5
0.8 0.5 0.2631578947368421 0.3501996999999999 0.22411100000000023 0.4256893000000004 1.0049082991031577E-4 4.565725899982609E-5 5.058081550946003E-5
0.8 0.5 0.3157894736842105 0.3333743999999995 0.25801020000000036 0.40861539999999946 6.542634464039299E-5 4.152957595979223E-5 3.332148284043712E-5
0.8 0.5 0.3684210526315789 0.32415840000000057 0.2868233999999996 0.3890181999999999 6.104624943947812E-5 3.9976252440176996E-5 2.8948248760124473E-5
0.8 0.5 0.42105263157894735 0.3194487 0.31117269999999975 0.3693786000000004 5.040903830989818E-5 3.835984470990095E-5 2.7041262039728675E-5
0.8 0.5 0.47368421052631576 0.31665710000000014 0.3323569000000004 0.3509859999999997 4.747276958988467E-5 3.716893238968344E-5 2.8316604000475087E-5
0.8 0.5 0.5263157894736842 0.31630029999999965 0.35043149999999984 0.33326820000000007 4.2926749910077167E-5 3.610153775042424E-5 2.297820875991896E-5
0.8 0.5 0.5789473684210527 0.3165734999999995 0.36658229999999997 0.31684419999999996 3.852316775027065E-5 3.440727670994681E-5 2.3775986359803047E-5
0.8 0.5 0.631578947368421 0.31737179999999926 0.3809510999999998 0.3016771000000002 3.736286476037354E-5 3.4829838790495504E-5 2.2110345589645974E-5
0.8 0.5 0.6842105263157895 0.3186382000000008 0.39376610000000045 0.2875956999999996 3.908804075940242E-5 3.566002078977948E-5 2.166393151015189E-5
0.8 0.5 0.7368421052631579 0.32038020000000017 0.4049189999999997 0.27470079999999997 3.654260795973863E-5 3.3327959000406526E-5 2.3467359360068718E-5
0.8 0.5 0.7894736842105263 0.32209250000000056 0.41523290000000024 0.2626745999999998 3.244335374930074E-5 3.400928758945376E-5 1.9024694840164003E-5
0.8 0.5 0.8421052631578947 0.3236116 0.42420140000000023 0.2521869999999999 3.364276543975364E-5 3.462929803960124E-5 1.850923100002455E-5
0.8 0.5 0.8947368421052632 0.32544009999999957 0.4327220000000005 0.24183790000000002 3.33456219903383E-5 3.2846835999300605E-5 1.867193358998792E-5
0.8 0.5 0.9473684210526315 0.32719640000000016 0.4403957000000007 0.23240789999999995 3.3353527039745035E-5 3.232853150908488E-5 1.9031707589968472E-5
0.8 0.5 1.0 0.3288546000000002 0.44737189999999954 0.22377349999999996 3.350577883984296E-5 3.500858039015564E-5 1.846540774994715E-5

0.95 0.5 0.0 0.06409999999998783 0.0 0.935899999999838 1.7329887525008303E-15 0.0 2.0516921495072893E-13
0.95 0.5 0.05263157894736842 0.5875857800000027 0.03930236000000003 0.3731118600000004 0.00387268680978764 1.6314124243037428E-4 0.0030639924453394196
0.95 0.5 0.10526315789473684 0.45433543 0.09486039999999957 0.4508041699999987 5.275380317164013E-4 7.30798138399661E-5 3.311013336126656E-4
0.95 0.5 0.15789473684210525 0.3726567000000007 0.15055087000000014 0.47679243000000165 2.0217556110699308E-4 5.26439752430094E-5 1.105041656949135E-4
0.95 0.5 0.21052631578947367 0.32610205000000114 0.19963131000000087 0.47426663999999946 1.1267603079660737E-4 4.60442326833746E-5 5.708093311371232E-5
0.95 0.5 0.2631578947368421 0.29984410999999955 0.2414328699999993 0.45872301999999904 7.633063730921874E-5 4.310964856357735E-5 4.043933408159894E-5
0.95 0.5 0.3157894736842105 0.2850504900000005 0.2768109899999998 0.43813852000000236 5.9703737758598496E-5 3.970184621905626E-5 3.233019620640931E-5
0.95 0.5 0.3684210526315789 0.27712159000000197 0.30669158000000024 0.4161868300000014 4.8521228869710664E-5 3.834331910411437E-5 2.8703329549267798E-5
0.95 0.5 0.42105263157894735 0.27305795000000077 0.33228863000000153 0.3946534199999988 4.179839679684105E-5 3.677331172112497E-5 2.6991316302710233E-5
0.95 0.5 0.47368421052631576 0.27128698000000007 0.35445795999999763 0.3742550600000017 3.74187104793533E-5 3.583286863928503E-5 2.5437684392393134E-5
0.95 0.5 0.5263157894736842 0.2711612999999997 0.37376890999999884 0.3550697899999985 3.4698558309773087E-5 3.465959840970312E-5 2.457673435610208E-5
0.95 0.5 0.5789473684210527 0.2718223200000007 0.39075609999999916 0.33742157999999906 3.261696581682849E-5 3.388022878789143E-5 2.2904044302593518E-5
0.95 0.5 0.631578947368421 0.27313203000000025 0.40574028000000023 0.3211276900000002 3.17912710785101E-5 3.3585345520337206E-5 2.2478154263372296E-5
0.95 0.5 0.6842105263157895 0.27454833999999934 0.4191193600000005 0.3063322999999999 2.9651971243868647E-5 3.279443518827696E-5 2.1769942711261092E-5
0.95 0.5 0.7368421052631579 0.2763294199999999 0.4311959300000013 0.2924746500000001 2.9166444462810914E-5 3.2241550433020905E-5 2.1177348377560135E-5
0.95 0.5 0.7894736842105263 0.2782291300000022 0.4419374800000005 0.27983339000000007 2.7615696440622117E-5 3.113799124959682E-5 1.9962278106869236E-5
0.95 0.5 0.8421052631578947 0.28017071999999954 0.45167250999999864 0.26815677000000093 2.750355268098248E-5 3.113330530188363E-5 2.0038794166371554E-5
0.95 0.5 0.8947368421052632 0.28200064000000036 0.46061804999999884 0.2573813099999996 2.759152958915767E-5 3.117025920096328E-5 1.9390477684885776E-5
0.95 0.5 0.9473684210526315 0.28388737999999797 0.46874250000000195 0.2473701199999985 2.6683402735275252E-5 3.0906561754029394E-5 1.8600531187074054E-5
0.95 0.5 1.0 0.2856877700000004 0.4762206399999995 0.23809158999999924 2.6266195426186134E-5 3.0398435991979555E-5 1.78200662718786E-5

1.0 0.5 0.0 0.05640000000000811 0.0 0.943599999999839 -4.831204880595408E-16 0.0 4.959366251000574E-13
1.0 0.5 0.05263157894736842 0.5712834499999995 0.04086368999999997 0.3878528599999969 0.0038482896131004085 1.7609332258389124E-4 0.003038347307821654
1.0 0.5 0.10526315789473684 0.43860464000000104 0.09766668999999943 0.46372866999999945 4.976169884691461E-4 7.282609744390517E-5 3.1067885503310855E-4
1.0 0.5 0.15789473684210525 0.35801654999999905 0.1540744300000002 0.48790901999999964 1.958095750963229E-4 5.1904183174990987E-5 1.0677631664099407E-4
1.0 0.5 0.21052631578947367 0.3123464400000011 0.2037269400000008 0.4839266200000013 1.0683840932584898E-4 4.621256823616332E-5 5.5684923373461315E-5
1.0 0.5 0.2631578947368421 0.28649774999999844 0.24603310999999967 0.4674691399999988 7.178218593754948E-5 4.2238486728352065E-5 3.873248566590992E-5
1.0 0.5 0.3157894736842105 0.27221692999999986 0.2816991799999999 0.4460838899999995 5.40815023750002E-5 4.0664899326844917E-5 3.076687946917955E-5
1.0 0.5 0.3684210526315789 0.26450408999999925 0.3120060000000003 0.42348991000000075 4.42649922729188E-5 3.6995906000453216E-5 2.8017091189491694E-5
1.0 0.5 0.42105263157894735 0.2607393899999991 0.33791261999999994 0.4013479899999987 3.9377723428921096E-5 3.7444110734211056E-5 2.7001647960184227E-5
1.0 0.5 0.47368421052631576 0.25907197999999987 0.36035260999999924 0.3805754100000001 3.5739620880728684E-5 3.61520651867564E-5 2.5288576328358348E-5
1.0 0.5 0.5263157894736842 0.2589664000000002 0.3799747499999995 0.3610588499999978 3.2495011040939437E-5 3.44729494355378E-5 2.3949595677447144E-5
1.0 0.5 0.5789473684210527 0.25979672999999937 0.3971430299999987 0.3430602399999996 3.157247430837784E-5 3.457273341919698E-5 2.3018487141965305E-5
1.0 0.5 0.631578947368421 0.2610645799999997 0.41238205999999944 0.3265533600000025 2.9326103424778815E-5 3.310987615631755E-5 2.252192070940906E-5
1.0 0.5 0.6842105263157895 0.2626764800000002 0.4259918100000022 0.31133171000000187 2.8058404810210602E-5 3.204996992065001E-5 2.0826967474171787E-5
1.0 0.5 0.7368421052631579 0.26447393999999946 0.438113290000001 0.29741277000000027 2.755999687739652E-5 3.1726088374622874E-5 2.1491833926981507E-5
1.0 0.5 0.7894736842105263 0.2663437400000003 0.449240439999999 0.28441581999999926 2.5781298812463382E-5 3.159740060765248E-5 2.1010499727067145E-5
1.0 0.5 0.8421052631578947 0.2682971800000011 0.45916755999999986 0.27253525999999967 2.719526604734457E-5 3.147150764812312E-5 1.9686976732491424E-5
1.0 0.5 0.8947368421052632 0.2701312900000007 0.4682017599999985 0.2616669499999995 2.6522241935014734E-5 3.1063596908825764E-5 1.938873469893576E-5
1.0 0.5 0.9473684210526315 0.27201627000000084 0.47643599999999825 0.2515477300000006 2.572227028599383E-5 3.073063000308407E-5 1.9162638847838864E-5
1.0 0.5 1.0 0.27382717000000034 0.48408862999999824 0.24208420000000014 2.5563362790401167E-5 3.078216572227621E-5 1.7975564359708207E-5

