0 0.3338360000002512 0.3329320000002503 0.33323199999949854
1 0.3397480000002571 0.41565200000033303 0.2445999999994099
2 0.30757200000022494 0.46215200000037954 0.23027599999939558
3 0.28498800000020236 0.4799320000003973 0.23507999999940038
4 0.2753200000001927 0.48606000000040345 0.2386199999994038
5 0.27319600000019056 0.48495200000040234 0.24185199999940715
6 0.27416400000019153 0.4831240000004005 0.242711999999408
7 0.2737160000001911 0.4851400000004025 0.24114399999940644
8 0.27339600000019076 0.4855320000004029 0.24107199999940637
9 0.27260000000018997 0.48467600000040206 0.2427239999994079
10 0.2740440000001914 0.48376000000040115 0.2421959999994075
11 0.27370000000019107 0.4839040000004013 0.2423959999994077
12 0.27447600000019184 0.48375600000040114 0.24176799999940707
13 0.27468000000019205 0.48294800000040033 0.24237199999940756
14 0.274612000000192 0.48287600000040026 0.2425119999994078
15 0.2763080000001937 0.4827320000004001 0.24095999999940626
16 0.27586800000019324 0.4812000000003986 0.24293199999940823
17 0.27517600000019254 0.48234800000039973 0.24247599999940767
18 0.27429200000019166 0.4828160000004002 0.2428919999994082
19 0.2747280000001921 0.48305600000040044 0.2422159999994074
20 0.273608000000191 0.4838040000004012 0.24258799999940778
21 0.2734080000001908 0.483632000000401 0.24295999999940815
22 0.27229600000018966 0.48417600000040156 0.24352799999940872
23 0.2738280000001912 0.48237200000039976 0.2437999999994091
24 0.27396800000019134 0.48334800000040073 0.24268399999940787
25 0.2742280000001916 0.4843880000004018 0.24138399999940668
26 0.27458800000019196 0.4840080000004014 0.2414039999994067
27 0.2728520000001902 0.4843080000004017 0.24283999999940814
28 0.2734200000001908 0.4846880000004021 0.2418919999994072
29 0.2730320000001904 0.4848400000004022 0.24212799999940732
30 0.2740320000001914 0.48354800000040093 0.2424199999994076
31 0.2731320000001905 0.48448400000040187 0.24238399999940768
32 0.2743240000001917 0.48366000000040105 0.24201599999940732
33 0.27198800000018936 0.48628000000040367 0.24173199999940703
34 0.27439200000019176 0.48338000000040077 0.24222799999940742
35 0.2748040000001922 0.48447600000040186 0.24071999999940602
36 0.27289200000019026 0.48448000000040187 0.24262799999940793
37 0.27507600000019244 0.4822240000003996 0.242699999999408
38 0.27458800000019196 0.4833160000004007 0.2420959999994074
39 0.273616000000191 0.48518400000040257 0.2411999999994064
40 0.2735440000001909 0.48336000000040075 0.24309599999940829
41 0.2730440000001904 0.4839160000004013 0.24303999999940834
42 0.2728320000001902 0.4857000000004031 0.24146799999940666
43 0.2738080000001912 0.48378400000040117 0.2424079999994076
44 0.27510000000019247 0.4832080000004006 0.241691999999407
45 0.2732240000001906 0.48554400000040293 0.24123199999940642
46 0.27386800000019124 0.4835120000004009 0.24261999999940792
47 0.2742080000001916 0.48386800000040125 0.2419239999994071
48 0.2750320000001924 0.48387600000040126 0.24109199999940628
49 0.2755280000001929 0.48297200000040036 0.2414999999994067
50 0.27379200000019116 0.4839080000004013 0.2422999999994075
51 0.2744400000001918 0.4835280000004009 0.24203199999940722
52 0.2750560000001924 0.48288400000040027 0.24205999999940725
53 0.2744200000001918 0.4825120000003999 0.24306799999940837
54 0.27389200000019126 0.48394400000040133 0.24216399999940746
55 0.27208400000018945 0.48315600000040054 0.24475999999941006
56 0.2731280000001905 0.48296400000040035 0.2439079999994091
57 0.2734560000001908 0.48377200000040116 0.24277199999940796
58 0.27287600000019024 0.48495200000040234 0.24217199999940747
59 0.27218400000018955 0.4851320000004025 0.24268399999940787
60 0.2729120000001903 0.48465600000040204 0.24243199999940762
61 0.2741400000001915 0.48425200000040164 0.2416079999994069
62 0.2752400000001926 0.4821160000003995 0.24264399999940783
63 0.2759480000001933 0.4829240000004003 0.24112799999940643
64 0.2751400000001925 0.4836880000004011 0.24117199999940647
65 0.2751160000001925 0.4823200000003997 0.24256399999940786
66 0.2733120000001907 0.48408400000040147 0.2426039999994078
67 0.27446400000019183 0.48278400000040017 0.24275199999940794
68 0.2744080000001918 0.48236800000039975 0.2432239999994084
69 0.2744200000001918 0.48365200000040104 0.24192799999940723
70 0.27509200000019246 0.4839360000004013 0.24097199999940627
71 0.2740040000001914 0.48454800000040193 0.24144799999940675
72 0.27263600000019 0.48565600000040304 0.241707999999407
73 0.2735120000001909 0.48324400000040063 0.24324399999940843
74 0.27428000000019165 0.48308000000040047 0.24263999999940783
75 0.2754560000001928 0.4824360000003998 0.2421079999994073
76 0.27338000000019075 0.4845120000004019 0.2421079999994074
77 0.27309600000019046 0.4853360000004027 0.24156799999940676
78 0.2725280000001899 0.4842000000004016 0.24327199999940846
79 0.27269200000019006 0.48566400000040305 0.24164399999940694
80 0.2729160000001903 0.4840400000004014 0.24304399999940834
81 0.27436400000019173 0.48198400000039937 0.24365199999940895
82 0.27329200000019066 0.4831120000004005 0.2435959999994089
83 0.2741120000001915 0.48284400000040023 0.24304399999940823
84 0.27508400000019245 0.4828320000004002 0.24208399999940738
85 0.2738080000001912 0.4867000000004041 0.23949199999940468
86 0.27428400000019165 0.48445600000040184 0.24125999999940656
87 0.2752400000001926 0.4822360000003996 0.2425239999994077
88 0.2743200000001917 0.48328400000040067 0.24239599999940759
89 0.2749080000001923 0.4851920000004026 0.2398999999994052
90 0.2738320000001912 0.485624000000403 0.24054399999940573
91 0.27426800000019164 0.4851080000004025 0.24062399999940592
92 0.2740480000001914 0.48457600000040196 0.24137599999940657
93 0.2732520000001906 0.486596000000404 0.24015199999940545
94 0.2724400000001898 0.48644400000040383 0.2411159999994063
95 0.2744360000001918 0.4853040000004027 0.24025999999940556
96 0.27409200000019146 0.48455600000040194 0.24135199999940665
97 0.273632000000191 0.48396000000040135 0.2424079999994076
98 0.27317600000019054 0.4846960000004021 0.24212799999940732
99 0.27198400000018935 0.48485200000040224 0.24316399999940835
