0 0.3362999999999793 0.3268999999999803 0.3368000000000404
1 0.1818999999999963 0.44569999999996723 0.3724000000000365
2 0.09900000000000181 0.4876999999999626 0.41330000000003564
3 0.05720000000000061 0.48369999999996305 0.45910000000003637
4 0.037800000000000056 0.4620999999999654 0.5001000000000345
5 0.028299999999999884 0.429699999999969 0.5420000000000311
6 0.024999999999999904 0.3950999999999728 0.5799000000000273
7 0.02429999999999991 0.36459999999997617 0.611100000000024
8 0.024899999999999905 0.33649999999997926 0.6386000000000208
9 0.026299999999999896 0.31029999999998215 0.663400000000018
10 0.026799999999999893 0.2868999999999847 0.6863000000000153
11 0.027699999999999888 0.26559999999998707 0.7067000000000131
12 0.029799999999999875 0.24319999999998954 0.7270000000000106
13 0.032199999999999895 0.22419999999999163 0.7436000000000085
14 0.034999999999999976 0.2062999999999936 0.7587000000000065
15 0.03840000000000007 0.18969999999999543 0.7719000000000045
16 0.042300000000000185 0.18019999999999647 0.7775000000000033
17 0.04430000000000024 0.166299999999998 0.7894000000000018
18 0.046900000000000316 0.15439999999999932 0.7987000000000004
19 0.0497000000000004 0.1437000000000005 0.8065999999999991
20 0.05400000000000052 0.13420000000000154 0.811799999999998
21 0.05780000000000063 0.12600000000000244 0.8161999999999969
22 0.06410000000000081 0.1198000000000024 0.8160999999999967
23 0.06810000000000092 0.1126000000000022 0.8192999999999968
24 0.07110000000000101 0.10480000000000197 0.824099999999997
25 0.07590000000000115 0.09830000000000179 0.825799999999997
26 0.0845000000000014 0.09070000000000157 0.8247999999999971
27 0.09110000000000158 0.08520000000000141 0.823699999999997
28 0.09730000000000176 0.0811000000000013 0.821599999999997
29 0.10140000000000188 0.07750000000000119 0.8210999999999968
30 0.10790000000000206 0.07190000000000103 0.8201999999999968
31 0.11360000000000223 0.06420000000000081 0.8221999999999969
32 0.11880000000000238 0.06110000000000072 0.8200999999999969
33 0.1255000000000025 0.05860000000000065 0.8158999999999968
34 0.13170000000000182 0.05570000000000057 0.8125999999999977
35 0.13790000000000113 0.05300000000000049 0.8090999999999984
36 0.14320000000000055 0.05040000000000042 0.806399999999999
37 0.14849999999999997 0.050000000000000405 0.8014999999999997
38 0.15389999999999937 0.04780000000000034 0.7983000000000002
39 0.1591999999999988 0.04500000000000026 0.795800000000001
40 0.16649999999999798 0.04360000000000022 0.7899000000000018
41 0.1735999999999972 0.041300000000000156 0.7851000000000027
42 0.17979999999999652 0.03830000000000007 0.7819000000000034
43 0.1853999999999959 0.035699999999999996 0.7789000000000041
44 0.1917999999999952 0.03339999999999993 0.7748000000000048
45 0.19609999999999472 0.03349999999999993 0.7704000000000053
46 0.202699999999994 0.03259999999999991 0.7647000000000062
47 0.2079999999999934 0.03159999999999988 0.7604000000000067
48 0.21409999999999274 0.029499999999999877 0.7564000000000074
49 0.2198999999999921 0.02879999999999988 0.7513000000000081
50 0.22769999999999124 0.028299999999999884 0.7440000000000089
51 0.23419999999999053 0.026799999999999893 0.7390000000000095
52 0.24009999999998988 0.0258999999999999 0.7340000000000102
53 0.24679999999998914 0.024799999999999905 0.7284000000000109
54 0.25309999999998845 0.024899999999999905 0.7220000000000116
55 0.25769999999998794 0.02399999999999991 0.7183000000000122
56 0.2651999999999871 0.022099999999999922 0.712700000000013
57 0.2726999999999863 0.02059999999999993 0.7067000000000138
58 0.27929999999998556 0.020299999999999933 0.7004000000000145
59 0.2854999999999849 0.019699999999999936 0.6948000000000152
60 0.2914999999999842 0.019599999999999937 0.6889000000000158
61 0.2969999999999836 0.019999999999999934 0.6830000000000165
62 0.3036999999999829 0.01929999999999994 0.6770000000000171
63 0.3097999999999822 0.018699999999999942 0.6715000000000179
64 0.31499999999998163 0.018199999999999945 0.6668000000000184
65 0.31929999999998115 0.017799999999999948 0.6629000000000189
66 0.32389999999998065 0.01729999999999995 0.6588000000000194
67 0.3304999999999799 0.015599999999999961 0.6539000000000201
68 0.3360999999999793 0.015499999999999962 0.6484000000000207
69 0.34099999999997876 0.01599999999999996 0.6430000000000213
70 0.34549999999997827 0.016499999999999956 0.6380000000000218
71 0.3514999999999776 0.015099999999999964 0.6334000000000224
72 0.356799999999977 0.015399999999999962 0.627800000000023
73 0.3626999999999764 0.016299999999999957 0.6210000000000236
74 0.36749999999997585 0.014899999999999965 0.6176000000000242
75 0.37289999999997525 0.014799999999999966 0.6123000000000248
76 0.37739999999997476 0.014799999999999966 0.6078000000000253
77 0.38209999999997424 0.014899999999999965 0.6030000000000258
78 0.384299999999974 0.015099999999999964 0.600600000000026
79 0.3887999999999735 0.015099999999999964 0.5961000000000265
80 0.393199999999973 0.016199999999999957 0.590600000000027
81 0.3979999999999725 0.01569999999999996 0.5863000000000276
82 0.402399999999972 0.016499999999999956 0.581100000000028
83 0.4076999999999714 0.014799999999999966 0.5775000000000287
84 0.41269999999997087 0.013499999999999974 0.5738000000000292
85 0.4168999999999704 0.013699999999999973 0.5694000000000297
86 0.42059999999997 0.013299999999999975 0.56610000000003
87 0.42479999999996954 0.012999999999999977 0.5622000000000305
88 0.429599999999969 0.011999999999999983 0.558400000000031
89 0.4339999999999685 0.01259999999999998 0.5534000000000315
90 0.4378999999999681 0.01259999999999998 0.549500000000032
91 0.4412999999999677 0.012899999999999977 0.5458000000000323
92 0.4451999999999673 0.013099999999999976 0.5417000000000327
93 0.44999999999996676 0.01259999999999998 0.5374000000000333
94 0.4524999999999665 0.013199999999999976 0.5343000000000335
95 0.4557999999999661 0.012799999999999978 0.5314000000000338
96 0.45989999999996567 0.012199999999999982 0.5279000000000343
97 0.4640999999999652 0.012099999999999982 0.5238000000000348
98 0.46999999999996456 0.011599999999999985 0.5184000000000355
99 0.47359999999996416 0.011599999999999985 0.5148000000000359
100 0.47829999999996364 0.011899999999999984 0.5098000000000363
101 0.48269999999996316 0.011499999999999986 0.5058000000000369
102 0.48809999999996256 0.010399999999999993 0.5015000000000375
103 0.49269999999996206 0.010299999999999993 0.49700000000003797
104 0.49539999999996176 0.010999999999999989 0.49360000000003823
105 0.4979999999999615 0.012299999999999981 0.48970000000003855
106 0.5009999999999611 0.013299999999999975 0.4857000000000389
107 0.5049999999999607 0.01409999999999997 0.48090000000003935
108 0.5066999999999605 0.016499999999999956 0.4768000000000395
109 0.5086999999999603 0.017999999999999947 0.47330000000003974
110 0.5100999999999601 0.018699999999999942 0.4712000000000399
111 0.5106999999999601 0.020099999999999934 0.46920000000004
112 0.5132999999999598 0.021199999999999927 0.46550000000004027
113 0.5164999999999594 0.02099999999999993 0.46250000000004066
114 0.5190999999999591 0.020399999999999932 0.46050000000004093
115 0.5214999999999589 0.021599999999999925 0.45690000000004116
116 0.5227999999999587 0.02229999999999992 0.4549000000000413
117 0.5230999999999587 0.023099999999999916 0.4538000000000414
118 0.5265999999999583 0.02219999999999992 0.45120000000004173
119 0.529299999999958 0.022699999999999918 0.44800000000004203
120 0.5315999999999578 0.02239999999999992 0.4460000000000423
121 0.5339999999999575 0.02069999999999993 0.44530000000004255
122 0.5367999999999572 0.020099999999999934 0.44310000000004285
123 0.5398999999999569 0.019899999999999935 0.4402000000000432
124 0.5422999999999566 0.019699999999999936 0.43800000000004347
125 0.5447999999999563 0.02059999999999993 0.43460000000004373
126 0.547199999999956 0.02049999999999993 0.43230000000004404
127 0.5484999999999559 0.021599999999999925 0.42990000000004414
128 0.5489999999999559 0.023399999999999914 0.4276000000000442
129 0.5499999999999557 0.024599999999999907 0.42540000000004435
130 0.5518999999999555 0.0257999999999999 0.4223000000000446
131 0.5518999999999555 0.026499999999999895 0.42160000000004455
132 0.5529999999999554 0.028399999999999884 0.4186000000000447
133 0.5525999999999555 0.02889999999999988 0.41850000000004467
134 0.5523999999999555 0.03129999999999987 0.41630000000004463
135 0.5517999999999555 0.03409999999999995 0.4141000000000445
136 0.5505999999999557 0.03680000000000003 0.41260000000004426
137 0.5483999999999559 0.03890000000000009 0.412700000000044
138 0.547599999999956 0.039500000000000104 0.4129000000000439
139 0.5446999999999563 0.04320000000000021 0.41210000000004343
140 0.5426999999999566 0.04450000000000025 0.4128000000000432
141 0.5406999999999568 0.047200000000000325 0.4121000000000429
142 0.5359999999999573 0.051000000000000434 0.4130000000000423
143 0.5326999999999577 0.05290000000000049 0.41440000000004185
144 0.529199999999958 0.05550000000000056 0.4153000000000414
145 0.5247999999999585 0.05830000000000064 0.41690000000004085
146 0.5192999999999591 0.061500000000000735 0.41920000000004015
147 0.5129999999999598 0.06660000000000088 0.4204000000000393
148 0.5080999999999604 0.07030000000000099 0.42160000000003867
149 0.501799999999961 0.07330000000000107 0.42490000000003786
150 0.4920999999999621 0.08040000000000128 0.42750000000003663
151 0.483899999999963 0.08380000000000137 0.4323000000000356
152 0.4738999999999641 0.09030000000000156 0.4358000000000343
153 0.4634999999999653 0.0953000000000017 0.441200000000033
154 0.4530999999999664 0.09910000000000181 0.4478000000000318
155 0.44279999999996755 0.10470000000000197 0.4525000000000305
156 0.4325999999999687 0.10850000000000208 0.45890000000002923
157 0.4234999999999697 0.11070000000000214 0.4658000000000282
158 0.4142999999999707 0.11130000000000216 0.47440000000002713
159 0.4039999999999718 0.11810000000000236 0.4779000000000258
160 0.3903999999999733 0.12420000000000253 0.48540000000002415
161 0.3795999999999745 0.1264000000000024 0.4940000000000231
162 0.3669999999999759 0.13130000000000186 0.5017000000000222
163 0.35469999999997726 0.13930000000000098 0.5060000000000218
164 0.3435999999999785 0.139100000000001 0.5173000000000205
165 0.3323999999999797 0.14260000000000062 0.5250000000000197
166 0.32369999999998067 0.14230000000000065 0.5340000000000187
167 0.31579999999998154 0.14200000000000068 0.5422000000000178
168 0.3050999999999827 0.14150000000000074 0.5534000000000165
169 0.2941999999999839 0.14430000000000043 0.5615000000000157
170 0.2834999999999851 0.14340000000000053 0.5731000000000144
171 0.2744999999999861 0.14440000000000042 0.5811000000000135
172 0.26289999999998737 0.14590000000000025 0.5912000000000124
173 0.25389999999998836 0.14670000000000016 0.5994000000000115
174 0.24459999999998938 0.1489999999999999 0.6064000000000107
175 0.2381999999999901 0.14869999999999994 0.61310000000001
176 0.229999999999991 0.14680000000000015 0.6232000000000089
177 0.22199999999999187 0.1445000000000004 0.6335000000000077
178 0.21589999999999254 0.1400000000000009 0.6441000000000066
179 0.2099999999999932 0.1363000000000013 0.6537000000000055
180 0.20499999999999374 0.1336000000000016 0.6614000000000047
181 0.2017999999999941 0.13130000000000186 0.666900000000004
182 0.1998999999999943 0.1291000000000021 0.6710000000000036
183 0.19869999999999444 0.1256000000000025 0.6757000000000031
184 0.1963999999999947 0.12250000000000248 0.6811000000000028
185 0.1917999999999952 0.12130000000000245 0.6869000000000024
186 0.18739999999999568 0.1197000000000024 0.692900000000002
187 0.18399999999999606 0.11890000000000238 0.6971000000000016
188 0.17949999999999655 0.1198000000000024 0.700700000000001
189 0.17739999999999678 0.11450000000000225 0.708100000000001
190 0.1735999999999972 0.11240000000000219 0.7140000000000006
191 0.1718999999999974 0.10790000000000206 0.7202000000000005
192 0.16799999999999782 0.105500000000002 0.7265000000000001
193 0.16689999999999794 0.10330000000000193 0.7298000000000001
194 0.1672999999999979 0.09830000000000179 0.7344000000000003
195 0.16889999999999772 0.09420000000000167 0.7369000000000006
196 0.17109999999999748 0.09060000000000157 0.738300000000001
197 0.17299999999999727 0.0848000000000014 0.7422000000000013
198 0.175499999999997 0.07960000000000125 0.7449000000000018
199 0.17889999999999662 0.07510000000000112 0.7460000000000022
200 0.18319999999999614 0.07240000000000105 0.7444000000000028
201 0.18789999999999563 0.06850000000000094 0.7436000000000035
202 0.1927999999999951 0.06600000000000086 0.7412000000000041
203 0.19869999999999444 0.06130000000000073 0.7400000000000049
204 0.2035999999999939 0.05820000000000064 0.7382000000000055
205 0.20949999999999325 0.05470000000000054 0.7358000000000062
206 0.21399999999999275 0.05180000000000046 0.7342000000000068
207 0.22099999999999198 0.046900000000000316 0.7321000000000077
208 0.22739999999999128 0.04350000000000022 0.7291000000000085
209 0.23339999999999061 0.04140000000000016 0.7252000000000092
210 0.24109999999998977 0.03910000000000009 0.7198000000000101
211 0.24649999999998917 0.03620000000000001 0.7173000000000108
212 0.25119999999998865 0.034999999999999976 0.7138000000000113
213 0.25649999999998807 0.03329999999999993 0.710200000000012
214 0.2623999999999874 0.03169999999999988 0.7059000000000127
215 0.26659999999998696 0.03139999999999987 0.7020000000000132
216 0.27129999999998644 0.029799999999999875 0.6989000000000137
217 0.2759999999999859 0.028199999999999885 0.6958000000000142
218 0.28199999999998526 0.02719999999999989 0.6908000000000148
219 0.2869999999999847 0.0257999999999999 0.6872000000000154
220 0.29199999999998416 0.025299999999999902 0.682700000000016
221 0.2971999999999836 0.02429999999999991 0.6785000000000165
222 0.302599999999983 0.02399999999999991 0.6734000000000171
223 0.30749999999998245 0.022899999999999917 0.6696000000000176
224 0.3135999999999818 0.02249999999999992 0.6639000000000183
225 0.3179999999999813 0.021799999999999924 0.6602000000000188
226 0.3234999999999807 0.019999999999999934 0.6565000000000194
227 0.3289999999999801 0.019599999999999937 0.65140000000002
228 0.33399999999997954 0.018399999999999944 0.6476000000000205
229 0.3396999999999789 0.01759999999999995 0.6427000000000211
230 0.3444999999999784 0.01729999999999995 0.6382000000000216
231 0.3488999999999779 0.01719999999999995 0.6339000000000221
232 0.35369999999997737 0.016699999999999954 0.6296000000000227
233 0.35759999999997694 0.01589999999999996 0.6265000000000231
234 0.3631999999999763 0.015599999999999961 0.6212000000000237
235 0.36929999999997565 0.014999999999999965 0.6157000000000243
236 0.3741999999999751 0.01399999999999997 0.6118000000000249
237 0.37839999999997465 0.013399999999999974 0.6082000000000254
238 0.38399999999997403 0.013599999999999973 0.602400000000026
239 0.38739999999997365 0.013399999999999974 0.5992000000000264
240 0.393099999999973 0.013299999999999975 0.593600000000027
241 0.3985999999999724 0.011899999999999984 0.5895000000000276
242 0.4039999999999718 0.011199999999999988 0.5848000000000282
243 0.40819999999997136 0.01089999999999999 0.5809000000000286
244 0.4130999999999708 0.011199999999999988 0.5757000000000292
245 0.4186999999999702 0.011099999999999988 0.5702000000000298
246 0.42459999999996956 0.010199999999999994 0.5652000000000305
247 0.429499999999969 0.009999999999999995 0.560500000000031
248 0.4331999999999686 0.009399999999999999 0.5574000000000314
249 0.4369999999999682 0.009799999999999996 0.5532000000000318
250 0.4421999999999676 0.009599999999999997 0.5482000000000324
251 0.44629999999996717 0.009399999999999999 0.5443000000000329
252 0.4524999999999665 0.008500000000000004 0.5390000000000336
253 0.45749999999996593 0.008000000000000007 0.5345000000000341
254 0.46279999999996535 0.007500000000000007 0.5297000000000347
255 0.4676999999999648 0.007400000000000006 0.5249000000000352
256 0.47279999999996425 0.007700000000000007 0.5195000000000357
257 0.47729999999996375 0.007000000000000005 0.5157000000000362
258 0.4811999999999633 0.006500000000000004 0.5123000000000367
259 0.48449999999996296 0.006800000000000005 0.508700000000037
260 0.4893999999999624 0.0067000000000000046 0.5039000000000375
261 0.4942999999999619 0.006600000000000004 0.4991000000000381
262 0.4978999999999615 0.007200000000000006 0.49490000000003853
263 0.5010999999999611 0.007900000000000008 0.49100000000003885
264 0.5060999999999606 0.007100000000000006 0.4868000000000394
265 0.51099999999996 0.007700000000000007 0.48130000000004
266 0.5162999999999595 0.008300000000000005 0.4754000000000405
267 0.520299999999959 0.008700000000000003 0.471000000000041
268 0.5240999999999586 0.009000000000000001 0.4669000000000414
269 0.5279999999999582 0.0093 0.46270000000004186
270 0.5325999999999577 0.008700000000000003 0.45870000000004235
271 0.5353999999999574 0.0092 0.45540000000004266
272 0.5391999999999569 0.009399999999999999 0.45140000000004304
273 0.5427999999999565 0.009399999999999999 0.44780000000004344
274 0.5436999999999564 0.009999999999999995 0.44630000000004355
275 0.5460999999999562 0.010299999999999993 0.44360000000004385
276 0.5500999999999557 0.010199999999999994 0.4397000000000443
277 0.5532999999999554 0.009699999999999997 0.43700000000004463
278 0.5585999999999548 0.009399999999999999 0.4320000000000452
279 0.5614999999999545 0.009000000000000001 0.4295000000000455
280 0.5633999999999543 0.010399999999999993 0.42620000000004576
281 0.565699999999954 0.011499999999999986 0.422800000000046
282 0.5691999999999536 0.011599999999999985 0.41920000000004637
283 0.5710999999999534 0.011599999999999985 0.4173000000000466
284 0.574599999999953 0.010199999999999994 0.415200000000047
285 0.5774999999999527 0.010099999999999994 0.4124000000000473
286 0.5790999999999525 0.01069999999999999 0.41020000000004747
287 0.5814999999999523 0.011399999999999987 0.40710000000004776
288 0.583899999999952 0.012199999999999982 0.403900000000048
289 0.5857999999999518 0.012699999999999979 0.4015000000000482
290 0.5865999999999517 0.013599999999999973 0.39980000000004834
291 0.5897999999999514 0.013599999999999973 0.3966000000000487
292 0.5911999999999512 0.013699999999999973 0.3951000000000488
293 0.5947999999999508 0.013199999999999976 0.3920000000000492
294 0.5952999999999508 0.014699999999999967 0.39000000000004925
295 0.5949999999999508 0.016899999999999953 0.38810000000004924
296 0.5954999999999507 0.01889999999999994 0.38560000000004935
297 0.5945999999999508 0.021399999999999926 0.38400000000004925
298 0.5949999999999508 0.022999999999999916 0.3820000000000493
299 0.5944999999999508 0.02419999999999991 0.38130000000004927
300 0.5938999999999509 0.025399999999999902 0.38070000000004917
301 0.5923999999999511 0.027799999999999887 0.37980000000004904
302 0.5909999999999512 0.028699999999999882 0.3803000000000489
303 0.5897999999999514 0.03039999999999987 0.37980000000004877
304 0.5882999999999515 0.03279999999999991 0.37890000000004853
305 0.5859999999999518 0.03549999999999999 0.37850000000004824
306 0.5845999999999519 0.03820000000000007 0.377200000000048
307 0.5829999999999521 0.039900000000000116 0.3771000000000478
308 0.5796999999999525 0.043400000000000216 0.3769000000000473
309 0.5763999999999528 0.045400000000000273 0.3782000000000469
310 0.5713999999999534 0.04800000000000035 0.38060000000004623
311 0.5673999999999538 0.04940000000000039 0.3832000000000458
312 0.5633999999999543 0.05270000000000048 0.38390000000004526
313 0.556699999999955 0.05750000000000062 0.3858000000000444
314 0.5497999999999558 0.06140000000000073 0.3888000000000435
315 0.5407999999999568 0.06800000000000092 0.3912000000000423
316 0.5328999999999576 0.07230000000000104 0.39480000000004134
317 0.520899999999959 0.07990000000000126 0.3992000000000398
318 0.5080999999999604 0.08690000000000146 0.40500000000003816
319 0.4957999999999617 0.09390000000000166 0.41030000000003664
320 0.48559999999996284 0.0988000000000018 0.4156000000000354
321 0.47549999999996395 0.10480000000000197 0.41970000000003405
322 0.4643999999999652 0.11060000000000214 0.4250000000000327
323 0.44809999999996697 0.11850000000000237 0.43340000000003065
324 0.43549999999996836 0.12170000000000246 0.44280000000002917
325 0.4232999999999697 0.12460000000000254 0.45210000000002776
326 0.41379999999997075 0.1273000000000023 0.45890000000002695
327 0.3986999999999724 0.13330000000000164 0.46800000000002595
328 0.3831999999999741 0.13960000000000095 0.47720000000002494
329 0.36819999999997577 0.14610000000000023 0.485700000000024
330 0.3524999999999775 0.15239999999999954 0.49510000000002297
331 0.3377999999999791 0.1563999999999991 0.5058000000000218
332 0.32219999999998084 0.1617999999999985 0.5160000000000207
333 0.30669999999998254 0.16569999999999807 0.5276000000000194
334 0.2898999999999844 0.17039999999999755 0.539700000000018
335 0.2769999999999858 0.17109999999999748 0.5519000000000167
336 0.2650999999999871 0.17339999999999722 0.5615000000000157
337 0.25019999999998876 0.1798999999999965 0.5699000000000147
338 0.2371999999999902 0.1790999999999966 0.5837000000000132
339 0.22559999999999147 0.17799999999999672 0.5964000000000118
340 0.2135999999999928 0.17979999999999652 0.6066000000000107
341 0.19939999999999436 0.18099999999999639 0.6196000000000093
342 0.18779999999999564 0.18099999999999639 0.631200000000008
343 0.17949999999999655 0.17829999999999668 0.6422000000000068
344 0.17219999999999736 0.175499999999997 0.6523000000000057
345 0.16519999999999813 0.17399999999999716 0.6608000000000047
346 0.1589999999999988 0.16929999999999767 0.6717000000000035
347 0.1526999999999995 0.16289999999999838 0.6844000000000021
348 0.15019999999999978 0.15779999999999894 0.6920000000000013
349 0.14710000000000012 0.15349999999999941 0.6994000000000005
350 0.1436000000000005 0.1472000000000001 0.7091999999999994
351 0.14290000000000058 0.13940000000000097 0.7176999999999985
352 0.14290000000000058 0.13220000000000176 0.7248999999999977
353 0.14340000000000053 0.1264000000000024 0.7301999999999971
354 0.1463000000000002 0.11860000000000237 0.7350999999999974
355 0.14560000000000028 0.11410000000000224 0.7402999999999975
356 0.14650000000000019 0.11100000000000215 0.7424999999999977
357 0.14650000000000019 0.10700000000000204 0.7464999999999977
358 0.14750000000000008 0.10520000000000199 0.747299999999998
359 0.15049999999999975 0.10160000000000188 0.7478999999999983
360 0.15349999999999941 0.09580000000000172 0.7506999999999988
361 0.15669999999999906 0.08980000000000155 0.7534999999999994
362 0.16069999999999862 0.0849000000000014 0.7544
363 0.16489999999999816 0.08050000000000128 0.7546000000000006
364 0.16959999999999764 0.07700000000000118 0.7534000000000012
365 0.175299999999997 0.07280000000000106 0.7519000000000019
366 0.17979999999999652 0.06860000000000094 0.7516000000000025
367 0.18559999999999588 0.06280000000000077 0.7516000000000034
368 0.19069999999999532 0.06100000000000072 0.748300000000004
369 0.19579999999999476 0.05720000000000061 0.7470000000000047
370 0.2017999999999941 0.053800000000000514 0.7444000000000054
371 0.20659999999999357 0.052400000000000474 0.741000000000006
372 0.21119999999999306 0.05050000000000042 0.7383000000000065
373 0.2154999999999926 0.04810000000000035 0.736400000000007
374 0.220799999999992 0.04590000000000029 0.7333000000000077
375 0.22579999999999145 0.04520000000000027 0.7290000000000083
376 0.23009999999999098 0.04310000000000021 0.7268000000000088
377 0.23559999999999037 0.04120000000000015 0.7232000000000095
378 0.2406999999999898 0.03980000000000011 0.71950000000001
379 0.24479999999998936 0.038500000000000076 0.7167000000000106
380 0.2507999999999887 0.036700000000000024 0.7125000000000112
381 0.25589999999998814 0.0358 0.7083000000000119
382 0.2617999999999875 0.033899999999999944 0.7043000000000126
383 0.2651999999999871 0.03379999999999994 0.701000000000013
384 0.2705999999999865 0.0323999999999999 0.6970000000000136
385 0.27569999999998596 0.0322999999999999 0.6920000000000142
386 0.28009999999998547 0.031199999999999867 0.6887000000000146
387 0.284499999999985 0.030099999999999873 0.6854000000000151
388 0.2890999999999845 0.02909999999999988 0.6818000000000156
389 0.29399999999998394 0.029599999999999876 0.6764000000000162
390 0.29839999999998346 0.02909999999999988 0.6725000000000166
391 0.302399999999983 0.02889999999999988 0.6687000000000171
392 0.30749999999998245 0.026399999999999896 0.6661000000000177
393 0.311399999999982 0.026299999999999896 0.6623000000000181
394 0.3162999999999815 0.0255999999999999 0.6581000000000186
395 0.32189999999998087 0.02419999999999991 0.6539000000000192
396 0.3269999999999803 0.02389999999999991 0.6491000000000198
397 0.33129999999997983 0.022799999999999918 0.6459000000000202
398 0.33669999999997924 0.021299999999999927 0.6420000000000209
399 0.3433999999999785 0.020099999999999934 0.6365000000000216
400 0.34819999999997797 0.01919999999999994 0.632600000000022
401 0.35309999999997743 0.01749999999999995 0.6294000000000226
402 0.3597999999999767 0.016299999999999957 0.6239000000000233
403 0.3651999999999761 0.014999999999999965 0.6198000000000239
404 0.3722999999999753 0.014699999999999967 0.6130000000000247
405 0.3771999999999748 0.014299999999999969 0.6085000000000252
406 0.38189999999997426 0.014499999999999968 0.6036000000000258
407 0.38749999999997364 0.014399999999999968 0.5981000000000264
408 0.3912999999999732 0.014299999999999969 0.5944000000000268
409 0.39569999999997274 0.013399999999999974 0.5909000000000273
410 0.39999999999997227 0.013799999999999972 0.5862000000000278
411 0.40449999999997177 0.014699999999999967 0.5808000000000283
412 0.4095999999999712 0.014999999999999965 0.5754000000000288
413 0.41359999999997077 0.014999999999999965 0.5714000000000292
414 0.4170999999999704 0.01599999999999996 0.5669000000000297
415 0.4189999999999702 0.016999999999999953 0.5640000000000299
416 0.42119999999996993 0.017999999999999947 0.5608000000000302
417 0.4249999999999695 0.01759999999999995 0.5574000000000305
418 0.4270999999999693 0.017799999999999948 0.5551000000000308
419 0.42919999999996905 0.019699999999999936 0.551100000000031
420 0.429899999999969 0.02229999999999992 0.5478000000000312
421 0.4306999999999689 0.02389999999999991 0.5454000000000312
422 0.4331999999999686 0.024699999999999906 0.5421000000000314
423 0.43539999999996837 0.026999999999999892 0.5376000000000317
424 0.43929999999996794 0.026799999999999893 0.5339000000000321
425 0.4414999999999677 0.02899999999999988 0.5295000000000324
426 0.4441999999999674 0.02909999999999988 0.5267000000000327
427 0.44539999999996727 0.029699999999999876 0.5249000000000329
428 0.44639999999996716 0.030299999999999872 0.523300000000033
429 0.44649999999996715 0.033199999999999924 0.520300000000033
430 0.4488999999999669 0.03449999999999996 0.5166000000000331
431 0.4494999999999668 0.035699999999999996 0.5148000000000332
432 0.45269999999996646 0.03439999999999996 0.5129000000000336
433 0.4533999999999664 0.036000000000000004 0.5106000000000336
434 0.45449999999996626 0.03650000000000002 0.5090000000000338
435 0.4561999999999661 0.03630000000000001 0.5075000000000339
436 0.45819999999996586 0.03539999999999999 0.5064000000000342
437 0.4612999999999655 0.034599999999999964 0.5041000000000345
438 0.4639999999999652 0.03329999999999993 0.5027000000000349
439 0.465899999999965 0.03419999999999995 0.49990000000003504
440 0.46729999999996485 0.03409999999999995 0.4986000000000352
441 0.4686999999999647 0.03489999999999997 0.4964000000000353
442 0.4686999999999647 0.034999999999999976 0.4963000000000353
443 0.47199999999996434 0.03339999999999993 0.49460000000003573
444 0.47459999999996405 0.03259999999999991 0.49280000000003604
445 0.47659999999996383 0.03339999999999993 0.49000000000003624
446 0.4775999999999637 0.03349999999999993 0.48890000000003636
447 0.47999999999996346 0.03369999999999994 0.4863000000000366
448 0.48179999999996326 0.03339999999999993 0.4848000000000368
449 0.48379999999996304 0.03299999999999992 0.48320000000003704
450 0.4851999999999629 0.03279999999999991 0.4820000000000372
451 0.48719999999996266 0.03189999999999989 0.48090000000003746
452 0.4903999999999623 0.031099999999999867 0.47850000000003784
453 0.49369999999996195 0.030199999999999873 0.47610000000003816
454 0.4956999999999617 0.029899999999999875 0.4744000000000384
455 0.49649999999996164 0.029799999999999875 0.4737000000000385
456 0.4995999999999613 0.029999999999999874 0.47040000000003884
457 0.5047999999999607 0.028199999999999885 0.4670000000000394
458 0.5075999999999604 0.027899999999999887 0.4645000000000397
459 0.5099999999999602 0.027899999999999887 0.46210000000004
460 0.5118999999999599 0.026899999999999893 0.4612000000000402
461 0.5125999999999599 0.02749999999999989 0.4599000000000402
462 0.5146999999999596 0.02749999999999989 0.45780000000004045
463 0.5161999999999595 0.02889999999999988 0.45490000000004066
464 0.5151999999999596 0.029799999999999875 0.45500000000004054
465 0.5146999999999596 0.031199999999999867 0.45410000000004047
466 0.5144999999999597 0.03369999999999994 0.4518000000000404
467 0.5140999999999597 0.036000000000000004 0.44990000000004027
468 0.5137999999999597 0.03770000000000005 0.4485000000000402
469 0.5138999999999597 0.03890000000000009 0.4472000000000402
470 0.5138999999999597 0.039200000000000096 0.44690000000004015
471 0.5139999999999597 0.0394000000000001 0.4466000000000402
472 0.5147999999999596 0.038800000000000084 0.4464000000000403
473 0.5138999999999597 0.040200000000000125 0.44590000000004015
474 0.5142999999999597 0.04010000000000012 0.4456000000000402
475 0.5147999999999596 0.039200000000000096 0.44600000000004025
476 0.5160999999999595 0.03840000000000007 0.4455000000000404
477 0.5183999999999592 0.037400000000000044 0.44420000000004073
478 0.5192999999999591 0.035699999999999996 0.44500000000004086
479 0.5192999999999591 0.037100000000000036 0.44360000000004085
480 0.5210999999999589 0.03630000000000001 0.44260000000004107
481 0.5217999999999589 0.03559999999999999 0.4426000000000412
482 0.5221999999999588 0.03620000000000001 0.4416000000000412
483 0.5238999999999586 0.0358 0.4403000000000414
484 0.5220999999999588 0.039200000000000096 0.43870000000004106
485 0.5191999999999591 0.041600000000000165 0.43920000000004067
486 0.5163999999999594 0.04460000000000025 0.4390000000000403
487 0.5119999999999599 0.049600000000000394 0.43840000000003965
488 0.5088999999999603 0.05060000000000042 0.4405000000000393
489 0.5051999999999607 0.05400000000000052 0.4408000000000388
490 0.4986999999999614 0.05890000000000066 0.44240000000003793
491 0.4914999999999622 0.06620000000000087 0.44230000000003694
492 0.4829999999999631 0.07250000000000105 0.4445000000000358
493 0.47539999999996396 0.07670000000000117 0.4479000000000349
494 0.4694999999999646 0.07940000000000125 0.45110000000003414
495 0.46369999999996525 0.0846000000000014 0.45170000000003335
496 0.4531999999999664 0.09020000000000156 0.45660000000003204
497 0.44279999999996755 0.09380000000000166 0.4634000000000308
498 0.4323999999999687 0.09830000000000179 0.4693000000000295
499 0.4197999999999701 0.10530000000000199 0.4749000000000279
500 0.4068999999999715 0.11410000000000224 0.47900000000002624
501 0.3942999999999729 0.11920000000000239 0.4865000000000247
502 0.3813999999999743 0.12360000000000251 0.4950000000000232
503 0.36839999999997575 0.12960000000000205 0.5020000000000222
504 0.35379999999997735 0.13620000000000132 0.5100000000000213
505 0.3404999999999788 0.14170000000000071 0.5178000000000205
506 0.3288999999999801 0.14510000000000034 0.5260000000000196
507 0.3171999999999814 0.1473000000000001 0.5355000000000185
508 0.30379999999998286 0.14879999999999993 0.5474000000000172
509 0.29119999999998425 0.1518999999999996 0.5569000000000162
510 0.28199999999998526 0.1517999999999996 0.5662000000000151
511 0.26939999999998665 0.15519999999999923 0.5754000000000141
512 0.2606999999999876 0.15329999999999944 0.586000000000013
513 0.25119999999998865 0.1544999999999993 0.594300000000012
514 0.24409999999998944 0.15339999999999943 0.6025000000000111
515 0.2361999999999903 0.1518999999999996 0.6119000000000101
516 0.22959999999999103 0.1491999999999999 0.6212000000000091
517 0.22419999999999163 0.14750000000000008 0.6283000000000083
518 0.22109999999999197 0.1454000000000003 0.6335000000000077
519 0.21329999999999283 0.14490000000000036 0.6418000000000068
520 0.20879999999999332 0.14130000000000076 0.6499000000000059
521 0.20229999999999404 0.1401000000000009 0.6576000000000051
522 0.1998999999999943 0.13480000000000147 0.6653000000000042
523 0.19699999999999462 0.13060000000000194 0.6724000000000034
524 0.19509999999999483 0.12520000000000253 0.6797000000000026
525 0.19469999999999488 0.12050000000000242 0.6848000000000027
526 0.1926999999999951 0.11820000000000236 0.6891000000000025
527 0.1917999999999952 0.11490000000000226 0.6933000000000026
528 0.18959999999999544 0.1128000000000022 0.6976000000000023
529 0.18659999999999577 0.11200000000000218 0.701400000000002
530 0.18469999999999598 0.11000000000000212 0.7053000000000019
531 0.18329999999999613 0.10600000000000201 0.7107000000000019
532 0.18139999999999634 0.10360000000000194 0.7150000000000017
533 0.18319999999999614 0.10060000000000185 0.716200000000002
534 0.18219999999999625 0.09840000000000179 0.7194000000000019
535 0.18159999999999632 0.09610000000000173 0.7223000000000019
536 0.184399999999996 0.0916000000000016 0.7240000000000024
537 0.1871999999999957 0.08540000000000142 0.7274000000000029
538 0.19049999999999534 0.0814000000000013 0.7281000000000033
539 0.1927999999999951 0.07960000000000125 0.7276000000000037
540 0.1944999999999949 0.07700000000000118 0.7285000000000039
541 0.19969999999999433 0.07280000000000106 0.7275000000000046
542 0.20379999999999387 0.06980000000000097 0.7264000000000052
543 0.20839999999999337 0.06620000000000087 0.7254000000000058
544 0.21339999999999282 0.06170000000000074 0.7249000000000064
545 0.21759999999999236 0.0569000000000006 0.725500000000007
546 0.22489999999999155 0.053100000000000494 0.722000000000008
547 0.23149999999999082 0.04900000000000038 0.7195000000000088
548 0.23669999999999025 0.046900000000000316 0.7164000000000095
549 0.24319999999998954 0.04450000000000025 0.7123000000000103
550 0.24949999999998884 0.04250000000000019 0.708000000000011
551 0.25469999999998827 0.04100000000000015 0.7043000000000116
552 0.25949999999998774 0.038500000000000076 0.7020000000000122
553 0.2635999999999873 0.03690000000000003 0.6995000000000127
554 0.2686999999999867 0.034299999999999956 0.6970000000000133
555 0.275099999999986 0.03169999999999988 0.6932000000000141
556 0.28109999999998536 0.02889999999999988 0.6900000000000147
557 0.2878999999999846 0.027699999999999888 0.6844000000000156
558 0.29299999999998405 0.0257999999999999 0.681200000000016
559 0.29849999999998345 0.023699999999999912 0.6778000000000166
560 0.30479999999998275 0.021499999999999925 0.6737000000000173
561 0.31209999999998195 0.020399999999999932 0.6675000000000181
562 0.3168999999999814 0.01929999999999994 0.6638000000000186
563 0.32299999999998075 0.01759999999999995 0.6594000000000193
564 0.32919999999998006 0.017099999999999952 0.6537000000000199
565 0.3359999999999793 0.016199999999999957 0.6478000000000207
566 0.34109999999997875 0.015399999999999962 0.6435000000000213
567 0.3460999999999782 0.015599999999999961 0.6383000000000218
568 0.3514999999999776 0.014799999999999966 0.6337000000000225
569 0.35759999999997694 0.013699999999999973 0.6287000000000231
570 0.36289999999997635 0.013299999999999975 0.6238000000000237
571 0.3695999999999756 0.012799999999999978 0.6176000000000244
572 0.37569999999997494 0.012099999999999982 0.6122000000000251
573 0.38009999999997446 0.011999999999999983 0.6079000000000255
574 0.3858999999999738 0.011299999999999987 0.6028000000000262
575 0.39019999999997335 0.011099999999999988 0.5987000000000267
576 0.3953999999999728 0.01069999999999999 0.5939000000000272
577 0.4015999999999721 0.010199999999999994 0.5882000000000279
578 0.4058999999999716 0.009999999999999995 0.5841000000000284
579 0.41089999999997107 0.010099999999999994 0.5790000000000289
580 0.41649999999997045 0.009699999999999997 0.5738000000000295
581 0.42009999999997005 0.008900000000000002 0.5710000000000299
582 0.4251999999999695 0.008300000000000005 0.5665000000000305
583 0.43089999999996886 0.008200000000000006 0.5609000000000312
584 0.43479999999996843 0.008100000000000007 0.5571000000000316
585 0.43839999999996804 0.008600000000000003 0.5530000000000319
586 0.4425999999999676 0.008300000000000005 0.5491000000000325
587 0.4461999999999672 0.008900000000000002 0.5449000000000328
588 0.4504999999999667 0.008300000000000005 0.5412000000000333
589 0.45389999999996633 0.008300000000000005 0.5378000000000337
590 0.4578999999999659 0.008800000000000002 0.5333000000000341
591 0.4622999999999654 0.008700000000000003 0.5290000000000346
592 0.46659999999996493 0.008500000000000004 0.5249000000000351
593 0.47019999999996454 0.007700000000000007 0.5221000000000354
594 0.47449999999996406 0.007700000000000007 0.5178000000000359
595 0.4805999999999634 0.007500000000000007 0.5119000000000367
596 0.4849999999999629 0.007300000000000006 0.5077000000000371
597 0.4887999999999625 0.007700000000000007 0.5035000000000375
598 0.4923999999999621 0.007700000000000007 0.4999000000000379
599 0.4956999999999617 0.008100000000000007 0.4962000000000383
600 0.49999999999996125 0.008300000000000005 0.4917000000000387
601 0.5041999999999608 0.008400000000000005 0.4874000000000392
602 0.5084999999999603 0.008100000000000007 0.4834000000000397
603 0.5119999999999599 0.008200000000000006 0.4798000000000401
604 0.5149999999999596 0.008400000000000005 0.4766000000000404
605 0.5193999999999591 0.007900000000000008 0.47270000000004087
606 0.5232999999999587 0.007600000000000007 0.4691000000000413
607 0.5275999999999582 0.0078000000000000074 0.46460000000004176
608 0.5311999999999578 0.007400000000000006 0.46140000000004217
609 0.5342999999999575 0.0078000000000000074 0.4579000000000425
610 0.5395999999999569 0.007900000000000008 0.4525000000000431
611 0.5436999999999564 0.008400000000000005 0.44790000000004354
612 0.5447999999999563 0.009899999999999996 0.44530000000004366
613 0.5458999999999562 0.01069999999999999 0.4434000000000438
614 0.5463999999999561 0.012799999999999978 0.4408000000000439
615 0.547499999999956 0.014499999999999968 0.438000000000044
616 0.5490999999999558 0.015299999999999963 0.4356000000000442
617 0.5509999999999556 0.016399999999999956 0.4326000000000444
618 0.5524999999999555 0.01739999999999995 0.43010000000004456
619 0.5536999999999553 0.018299999999999945 0.42800000000004473
620 0.5531999999999554 0.02059999999999993 0.42620000000004465
621 0.5524999999999555 0.02239999999999992 0.4251000000000446
622 0.5520999999999555 0.024399999999999908 0.42350000000004456
623 0.5512999999999556 0.026799999999999893 0.4219000000000445
624 0.5526999999999554 0.026999999999999892 0.42030000000004464
625 0.5540999999999553 0.02879999999999988 0.4171000000000448
626 0.5543999999999553 0.030199999999999873 0.41540000000004484
627 0.5558999999999551 0.03059999999999987 0.41350000000004505
628 0.5546999999999552 0.03259999999999991 0.41270000000004486
629 0.5538999999999553 0.03469999999999997 0.41140000000004473
630 0.5535999999999554 0.03620000000000001 0.41020000000004464
631 0.5534999999999554 0.03630000000000001 0.41020000000004464
632 0.5526999999999554 0.03720000000000004 0.41010000000004454
633 0.5516999999999556 0.036400000000000016 0.41190000000004445
634 0.5498999999999558 0.03840000000000007 0.41170000000004414
635 0.548199999999956 0.04010000000000012 0.4117000000000439
636 0.5458999999999562 0.043700000000000225 0.41040000000004356
637 0.5438999999999564 0.0464000000000003 0.40970000000004325
638 0.538999999999957 0.05010000000000041 0.4109000000000426
639 0.5344999999999575 0.0533000000000005 0.41220000000004203
640 0.5271999999999583 0.05780000000000063 0.4150000000000411
641 0.5210999999999589 0.06130000000000073 0.41760000000004033
642 0.5150999999999596 0.06550000000000085 0.4194000000000396
643 0.5092999999999602 0.06690000000000089 0.42380000000003887
644 0.5046999999999607 0.06690000000000089 0.42840000000003836
645 0.4984999999999614 0.07110000000000101 0.4304000000000376
646 0.4913999999999622 0.07600000000000115 0.4326000000000366
647 0.48649999999996274 0.07830000000000122 0.43520000000003606
648 0.4795999999999635 0.0811000000000013 0.4393000000000352
649 0.4723999999999643 0.08210000000000132 0.44550000000003437
650 0.465799999999965 0.0845000000000014 0.4497000000000336
651 0.457099999999966 0.08850000000000151 0.4544000000000325
652 0.4494999999999668 0.09140000000000159 0.4591000000000316
653 0.44359999999996746 0.09310000000000164 0.4633000000000309
654 0.43749999999996814 0.09770000000000177 0.4648000000000301
655 0.4315999999999688 0.0989000000000018 0.4695000000000294
656 0.4239999999999696 0.10140000000000188 0.4746000000000285
657 0.41569999999997054 0.10350000000000194 0.48080000000002754
658 0.4085999999999713 0.10440000000000196 0.48700000000002674
659 0.39929999999997234 0.1091000000000021 0.49160000000002557
660 0.3885999999999735 0.11410000000000224 0.4973000000000242
661 0.37849999999997463 0.11840000000000236 0.503100000000023
662 0.3695999999999756 0.12140000000000245 0.5090000000000219
663 0.3587999999999768 0.12430000000000253 0.5169000000000207
664 0.347799999999978 0.12690000000000234 0.5253000000000196
665 0.33549999999997937 0.13080000000000191 0.5337000000000187
666 0.32469999999998056 0.13310000000000166 0.5422000000000178
667 0.3135999999999818 0.13580000000000136 0.5506000000000169
668 0.3045999999999828 0.13790000000000113 0.5575000000000161
669 0.29579999999998374 0.14030000000000087 0.5639000000000154
670 0.2863999999999848 0.1410000000000008 0.5726000000000144
671 0.2781999999999857 0.14230000000000065 0.5795000000000137
672 0.2653999999999871 0.14600000000000024 0.5886000000000127
673 0.257099999999988 0.1455000000000003 0.5974000000000117
674 0.2516999999999886 0.14430000000000043 0.604000000000011
675 0.24489999999998935 0.1446000000000004 0.6105000000000103
676 0.23759999999999015 0.14300000000000057 0.6194000000000093
677 0.23279999999999068 0.14030000000000087 0.6269000000000085
678 0.22669999999999135 0.14020000000000088 0.6331000000000078
679 0.22399999999999165 0.13530000000000142 0.6407000000000069
680 0.21929999999999217 0.1355000000000014 0.6452000000000064
681 0.21389999999999276 0.13520000000000143 0.6509000000000058
682 0.2070999999999935 0.1364000000000013 0.6565000000000052
683 0.20029999999999426 0.1382000000000011 0.6615000000000046
684 0.19519999999999482 0.13570000000000138 0.6691000000000038
685 0.19129999999999525 0.13050000000000195 0.6782000000000028
686 0.18689999999999574 0.12590000000000245 0.6872000000000018
687 0.18519999999999592 0.12440000000000254 0.6904000000000016
688 0.18389999999999607 0.1198000000000024 0.6963000000000015
689 0.18469999999999598 0.11460000000000226 0.7007000000000018
690 0.18239999999999623 0.10950000000000211 0.7081000000000016
691 0.18119999999999636 0.10850000000000208 0.7103000000000016
692 0.17949999999999655 0.10620000000000202 0.7143000000000015
693 0.17969999999999653 0.10170000000000189 0.7186000000000016
694 0.18029999999999646 0.09750000000000177 0.7222000000000017
695 0.18069999999999642 0.09480000000000169 0.7245000000000019
696 0.18249999999999622 0.09120000000000159 0.7263000000000022
697 0.18499999999999595 0.08630000000000144 0.7287000000000026
698 0.18769999999999565 0.08250000000000134 0.729800000000003
699 0.19039999999999535 0.07930000000000124 0.7303000000000034
700 0.19469999999999488 0.07630000000000116 0.729000000000004
701 0.19849999999999446 0.07220000000000104 0.7293000000000045
702 0.2017999999999941 0.06820000000000093 0.730000000000005
703 0.2089999999999933 0.06450000000000082 0.7265000000000059
704 0.21229999999999294 0.06270000000000077 0.7250000000000063
705 0.2143999999999927 0.060800000000000715 0.7248000000000066
706 0.21829999999999228 0.05740000000000062 0.724300000000007
707 0.22219999999999185 0.056300000000000586 0.7215000000000076
708 0.22479999999999156 0.0533000000000005 0.721900000000008
709 0.2290999999999911 0.050700000000000425 0.7202000000000085
710 0.2334999999999906 0.04850000000000036 0.7180000000000091
711 0.23849999999999005 0.04530000000000027 0.7162000000000097
712 0.24469999999998937 0.04220000000000018 0.7131000000000105
713 0.25229999999998853 0.04040000000000013 0.7073000000000114
714 0.2553999999999882 0.03960000000000011 0.7050000000000117
715 0.2615999999999875 0.03620000000000001 0.7022000000000125
716 0.26739999999998687 0.03549999999999999 0.6971000000000132
717 0.2715999999999864 0.0359 0.6925000000000135
718 0.275199999999986 0.035699999999999996 0.689100000000014
719 0.2788999999999856 0.03439999999999996 0.6867000000000144
720 0.2834999999999851 0.03339999999999993 0.6831000000000149
721 0.2887999999999845 0.03339999999999993 0.6778000000000155
722 0.2942999999999839 0.03299999999999992 0.6727000000000162
723 0.29849999999998345 0.03329999999999993 0.6682000000000167
724 0.302499999999983 0.03479999999999997 0.662700000000017
725 0.3045999999999828 0.03509999999999998 0.6603000000000172
726 0.30929999999998226 0.03369999999999994 0.6570000000000178
727 0.31289999999998186 0.03139999999999987 0.6557000000000183
728 0.31669999999998144 0.03159999999999988 0.6517000000000187
729 0.3189999999999812 0.03129999999999987 0.6497000000000189
730 0.32289999999998076 0.03079999999999987 0.6463000000000194
731 0.3268999999999803 0.03039999999999987 0.6427000000000198
732 0.3315999999999798 0.029899999999999875 0.6385000000000203
733 0.33479999999997945 0.029899999999999875 0.6353000000000206
734 0.34009999999997886 0.029499999999999877 0.6304000000000213
735 0.3450999999999783 0.028299999999999884 0.6266000000000218
736 0.3497999999999778 0.028699999999999882 0.6215000000000224
737 0.35399999999997733 0.02729999999999989 0.6187000000000228
738 0.35839999999997685 0.026199999999999897 0.6154000000000233
739 0.3622999999999764 0.0257999999999999 0.6119000000000236
740 0.36759999999997583 0.024599999999999907 0.6078000000000242
741 0.3707999999999755 0.02249999999999992 0.6067000000000246
742 0.375099999999975 0.021499999999999925 0.603400000000025
743 0.37939999999997454 0.021599999999999925 0.5990000000000255
744 0.3860999999999738 0.020399999999999932 0.5935000000000262
745 0.39089999999997327 0.01929999999999994 0.5898000000000267
746 0.39549999999997276 0.018699999999999942 0.5858000000000273
747 0.3986999999999724 0.019499999999999938 0.5818000000000276
748 0.4033999999999719 0.01929999999999994 0.5773000000000281
749 0.4059999999999716 0.019799999999999936 0.5742000000000285
750 0.40839999999997134 0.02049999999999993 0.5711000000000287
751 0.41019999999997114 0.021799999999999924 0.5680000000000289
752 0.41389999999997074 0.02249999999999992 0.5636000000000293
753 0.4152999999999706 0.023299999999999915 0.5614000000000295
754 0.41909999999997016 0.023399999999999914 0.55750000000003
755 0.4216999999999699 0.024499999999999907 0.5538000000000303
756 0.4239999999999696 0.02409999999999991 0.5519000000000305
757 0.4278999999999692 0.02239999999999992 0.5497000000000309
758 0.43179999999996876 0.021399999999999926 0.5468000000000313
759 0.43449999999996847 0.022699999999999918 0.5428000000000316
760 0.43819999999996806 0.022699999999999918 0.539100000000032
761 0.44179999999996766 0.022899999999999917 0.5353000000000324
762 0.44469999999996734 0.02259999999999992 0.5327000000000327
763 0.44739999999996705 0.021899999999999923 0.530700000000033
764 0.4505999999999667 0.023099999999999916 0.5263000000000334
765 0.4522999999999665 0.02419999999999991 0.5235000000000336
766 0.45289999999996644 0.025999999999999898 0.5211000000000336
767 0.45459999999996625 0.026899999999999893 0.5185000000000338
768 0.4577999999999659 0.026499999999999895 0.5157000000000342
769 0.4602999999999656 0.026499999999999895 0.5132000000000345
770 0.4611999999999655 0.027999999999999886 0.5108000000000346
771 0.4613999999999655 0.02879999999999988 0.5098000000000347
772 0.46449999999996516 0.029699999999999876 0.505800000000035
773 0.46659999999996493 0.030099999999999873 0.5033000000000352
774 0.46899999999996467 0.030299999999999872 0.5007000000000355
775 0.47109999999996444 0.03059999999999987 0.4983000000000357
776 0.4730999999999642 0.030199999999999873 0.4967000000000359
777 0.474899999999964 0.03169999999999988 0.4934000000000361
778 0.47749999999996373 0.031099999999999867 0.4914000000000364
779 0.4787999999999636 0.032499999999999904 0.4887000000000365
780 0.47839999999996363 0.03379999999999994 0.4878000000000364
781 0.47729999999996375 0.03479999999999997 0.4879000000000363
782 0.4777999999999637 0.035299999999999984 0.4869000000000363
783 0.4794999999999635 0.03449999999999996 0.4860000000000365
784 0.48009999999996344 0.03519999999999998 0.48470000000003655
785 0.4787999999999636 0.03770000000000005 0.48350000000003635
786 0.4794999999999635 0.03750000000000005 0.48300000000003646
787 0.4797999999999635 0.038800000000000084 0.48140000000003647
788 0.4784999999999636 0.04150000000000016 0.48000000000003623
789 0.4778999999999637 0.04220000000000018 0.47990000000003613
790 0.47649999999996384 0.045100000000000265 0.4784000000000359
791 0.4761999999999639 0.04490000000000026 0.47890000000003585
792 0.4758999999999639 0.04600000000000029 0.47810000000003583
793 0.47469999999996404 0.047600000000000336 0.47770000000003565
794 0.4741999999999641 0.0498000000000004 0.4760000000000355
795 0.4704999999999645 0.0532000000000005 0.47630000000003503
796 0.46559999999996504 0.055200000000000554 0.4792000000000344
797 0.4588999999999658 0.0602000000000007 0.4809000000000335
798 0.4548999999999662 0.06310000000000078 0.482000000000033
799 0.45209999999996653 0.06300000000000078 0.4849000000000327
800 0.447899999999967 0.06570000000000085 0.48640000000003214
801 0.44199999999996764 0.070800000000001 0.4872000000000314
802 0.4377999999999681 0.07290000000000106 0.4893000000000308
803 0.4314999999999688 0.07730000000000119 0.49120000000003
804 0.4243999999999696 0.0810000000000013 0.4946000000000291
805 0.4150999999999706 0.08630000000000144 0.49860000000002797
806 0.4085999999999713 0.08960000000000154 0.5018000000000271
807 0.40269999999997197 0.0916000000000016 0.5057000000000265
808 0.39659999999997264 0.09430000000000167 0.5091000000000256
809 0.39179999999997317 0.09410000000000167 0.5141000000000252
810 0.38849999999997353 0.09250000000000162 0.5190000000000249
811 0.3851999999999739 0.08940000000000153 0.5254000000000245
812 0.38099999999997436 0.09050000000000157 0.5285000000000241
813 0.37829999999997466 0.0884000000000015 0.5333000000000239
814 0.3759999999999749 0.0883000000000015 0.5357000000000236
815 0.37309999999997523 0.08590000000000143 0.5410000000000234
816 0.37299999999997524 0.0848000000000014 0.5422000000000233
817 0.3706999999999755 0.0845000000000014 0.5448000000000232
818 0.3669999999999759 0.08620000000000144 0.5468000000000226
819 0.3644999999999762 0.08640000000000145 0.5491000000000223
820 0.3625999999999764 0.08680000000000146 0.5506000000000222
821 0.3589999999999768 0.08750000000000148 0.5535000000000218
822 0.3562999999999771 0.08790000000000149 0.5558000000000214
823 0.3522999999999775 0.08790000000000149 0.559800000000021
824 0.348099999999978 0.08910000000000153 0.5628000000000205
825 0.34569999999997825 0.08730000000000147 0.5670000000000203
826 0.3405999999999788 0.09010000000000155 0.5693000000000197
827 0.3362999999999793 0.09130000000000159 0.5724000000000191
828 0.3344999999999795 0.09010000000000155 0.575400000000019
829 0.3280999999999802 0.09290000000000163 0.5790000000000182
830 0.3217999999999809 0.09800000000000178 0.5802000000000174
831 0.31649999999998146 0.09970000000000183 0.5838000000000167
832 0.30829999999998237 0.10290000000000192 0.5888000000000158
833 0.30289999999998296 0.10500000000000198 0.5921000000000151
834 0.2996999999999833 0.10190000000000189 0.5984000000000148
835 0.2924999999999841 0.10440000000000196 0.603100000000014
836 0.28749999999998466 0.10490000000000198 0.6076000000000134
837 0.2816999999999853 0.10750000000000205 0.6108000000000127
838 0.275299999999986 0.11130000000000216 0.6134000000000118
839 0.2699999999999866 0.11210000000000218 0.6179000000000112
840 0.26569999999998706 0.11180000000000218 0.6225000000000107
841 0.2599999999999877 0.1126000000000022 0.6274000000000102
842 0.25389999999998836 0.11480000000000226 0.6313000000000094
843 0.24689999999998913 0.11660000000000231 0.6365000000000085
844 0.24109999999998977 0.1162000000000023 0.6427000000000079
845 0.2370999999999902 0.11560000000000228 0.6473000000000075
846 0.2343999999999905 0.11520000000000227 0.6504000000000072
847 0.2306999999999909 0.11350000000000222 0.6558000000000068
848 0.22849999999999115 0.11320000000000222 0.6583000000000067
849 0.2252999999999915 0.11140000000000216 0.6633000000000063
850 0.22289999999999177 0.11060000000000214 0.6665000000000061
851 0.220899999999992 0.1092000000000021 0.6699000000000059
852 0.2217999999999919 0.105900000000002 0.6723000000000061
853 0.2197999999999921 0.10430000000000196 0.6759000000000059
854 0.21599999999999253 0.10160000000000188 0.6824000000000056
855 0.21669999999999245 0.09770000000000177 0.6856000000000058
856 0.21609999999999252 0.09610000000000173 0.6878000000000057
857 0.21609999999999252 0.09380000000000166 0.6901000000000058
858 0.21779999999999233 0.08960000000000154 0.6926000000000061
859 0.220699999999992 0.08620000000000144 0.6931000000000065
860 0.22119999999999196 0.08520000000000141 0.6936000000000067
861 0.22419999999999163 0.0812000000000013 0.6946000000000071
862 0.2279999999999912 0.0777000000000012 0.6943000000000076
863 0.2317999999999908 0.07370000000000108 0.6945000000000081
864 0.23479999999999046 0.06860000000000094 0.6966000000000085
865 0.23759999999999015 0.06690000000000089 0.695500000000009
866 0.24099999999998978 0.06590000000000086 0.6931000000000094
867 0.24209999999998966 0.06600000000000086 0.6919000000000095
868 0.24579999999998925 0.06460000000000082 0.68960000000001
869 0.24679999999998914 0.0639000000000008 0.68930000000001
870 0.25029999999998875 0.06090000000000072 0.6888000000000105
871 0.25379999999998837 0.05990000000000069 0.6863000000000109
872 0.257199999999988 0.057700000000000626 0.6851000000000114
873 0.2606999999999876 0.054200000000000526 0.6851000000000118
874 0.2669999999999869 0.05220000000000047 0.6808000000000126
875 0.27119999999998645 0.050000000000000405 0.6788000000000132
876 0.27479999999998606 0.04830000000000036 0.6769000000000136
877 0.27949999999998554 0.0464000000000003 0.6741000000000141
878 0.28309999999998514 0.044400000000000245 0.6725000000000146
879 0.2852999999999849 0.04390000000000023 0.6708000000000148
880 0.2881999999999846 0.04240000000000019 0.6694000000000152
881 0.29289999999998406 0.04260000000000019 0.6645000000000157
882 0.2960999999999837 0.04170000000000017 0.6622000000000161
883 0.2988999999999834 0.042000000000000176 0.6591000000000165
884 0.3032999999999829 0.04140000000000016 0.6553000000000169
885 0.3071999999999825 0.04050000000000013 0.6523000000000174
886 0.3132999999999818 0.03860000000000008 0.6481000000000181
887 0.31739999999998136 0.037100000000000036 0.6455000000000186
888 0.320699999999981 0.036000000000000004 0.643300000000019
889 0.3234999999999807 0.03549999999999999 0.6410000000000193
890 0.32769999999998023 0.03449999999999996 0.6378000000000198
891 0.33009999999997997 0.034299999999999956 0.63560000000002
892 0.3343999999999795 0.034299999999999956 0.6313000000000205
893 0.33759999999997914 0.03419999999999995 0.628200000000021
894 0.34109999999997875 0.03279999999999991 0.6261000000000213
895 0.3443999999999784 0.03279999999999991 0.6228000000000217
896 0.3470999999999781 0.03209999999999989 0.620800000000022
897 0.3507999999999777 0.03069999999999987 0.6185000000000225
898 0.3534999999999774 0.029799999999999875 0.6167000000000228
899 0.3585999999999768 0.02879999999999988 0.6126000000000233
900 0.3623999999999764 0.028499999999999883 0.6091000000000237
901 0.366299999999976 0.027899999999999887 0.6058000000000241
902 0.36919999999997566 0.02709999999999989 0.6037000000000244
903 0.3733999999999752 0.025999999999999898 0.6006000000000249
904 0.3769999999999748 0.024699999999999906 0.5983000000000253
905 0.3806999999999744 0.02429999999999991 0.5950000000000257
906 0.384499999999974 0.025099999999999904 0.5904000000000261
907 0.38839999999997354 0.024599999999999907 0.5870000000000265
908 0.3924999999999731 0.023199999999999915 0.584300000000027
909 0.3969999999999726 0.022099999999999922 0.5809000000000275
910 0.3998999999999723 0.02089999999999993 0.5792000000000278
911 0.40369999999997186 0.021299999999999927 0.5750000000000283
912 0.4061999999999716 0.021599999999999925 0.5722000000000285
913 0.4098999999999712 0.021599999999999925 0.5685000000000289
914 0.4132999999999708 0.021499999999999925 0.5652000000000292
915 0.4166999999999704 0.02089999999999993 0.5624000000000297
916 0.41919999999997015 0.02059999999999993 0.5602000000000299
917 0.4222999999999698 0.021199999999999927 0.5565000000000303
918 0.4257999999999694 0.021499999999999925 0.5527000000000306
919 0.429899999999969 0.021199999999999927 0.5489000000000311
920 0.43279999999996865 0.020399999999999932 0.5468000000000314
921 0.4366999999999682 0.020199999999999933 0.5431000000000319
922 0.44099999999996775 0.019399999999999938 0.5396000000000323
923 0.4448999999999673 0.018199999999999945 0.5369000000000327
924 0.4497999999999668 0.016999999999999953 0.5332000000000333
925 0.4551999999999662 0.015399999999999962 0.5294000000000338
926 0.4588999999999658 0.014799999999999966 0.5263000000000343
927 0.46289999999996534 0.013899999999999971 0.5232000000000346
928 0.4667999999999649 0.014399999999999968 0.5188000000000351
929 0.4712999999999644 0.013699999999999973 0.5150000000000357
930 0.47549999999996395 0.013799999999999972 0.5107000000000361
931 0.4811999999999633 0.013099999999999976 0.5057000000000367
932 0.4860999999999628 0.013199999999999976 0.5007000000000372
933 0.48909999999996245 0.012999999999999977 0.4979000000000376
934 0.49189999999996215 0.013899999999999971 0.4942000000000379
935 0.4958999999999617 0.014299999999999969 0.4898000000000383
936 0.4986999999999614 0.014399999999999968 0.48690000000003864
937 0.5013999999999611 0.014699999999999967 0.4839000000000389
938 0.5049999999999607 0.014799999999999966 0.4802000000000393
939 0.5084999999999603 0.014899999999999965 0.4766000000000397
940 0.51129999999996 0.01599999999999996 0.47270000000004003
941 0.5119999999999599 0.01729999999999995 0.47070000000004014
942 0.5147999999999596 0.016799999999999954 0.46840000000004045
943 0.5180999999999593 0.016699999999999954 0.4652000000000408
944 0.5217999999999589 0.016399999999999956 0.4618000000000412
945 0.5240999999999586 0.01569999999999996 0.46020000000004146
946 0.5273999999999582 0.016099999999999958 0.4565000000000418
947 0.529599999999958 0.016899999999999953 0.45350000000004204
948 0.529999999999958 0.01739999999999995 0.4526000000000421
949 0.5307999999999579 0.01899999999999994 0.4502000000000422
950 0.5320999999999577 0.02079999999999993 0.44710000000004235
951 0.5315999999999578 0.022699999999999918 0.4457000000000423
952 0.5309999999999578 0.0256999999999999 0.44330000000004227
953 0.5313999999999578 0.027699999999999888 0.4409000000000423
954 0.5322999999999577 0.028199999999999885 0.4395000000000424
955 0.5334999999999576 0.02919999999999988 0.43730000000004254
956 0.5326999999999577 0.030999999999999868 0.4363000000000425
957 0.5327999999999576 0.03129999999999987 0.4359000000000425
958 0.5333999999999576 0.03129999999999987 0.43530000000004254
959 0.5308999999999579 0.033199999999999924 0.43590000000004225
960 0.5307999999999579 0.03519999999999998 0.43400000000004213
961 0.5312999999999578 0.03509999999999998 0.43360000000004223
962 0.5304999999999579 0.03690000000000003 0.43260000000004206
963 0.5313999999999578 0.03720000000000004 0.4314000000000422
964 0.5327999999999576 0.03770000000000005 0.4295000000000423
965 0.5318999999999577 0.03900000000000009 0.42910000000004217
966 0.529799999999958 0.04120000000000015 0.4290000000000419
967 0.5282999999999581 0.043000000000000205 0.42870000000004166
968 0.5263999999999583 0.04330000000000021 0.4303000000000414
969 0.5210999999999589 0.047200000000000325 0.4317000000000407
970 0.5158999999999595 0.050300000000000414 0.4338000000000401
971 0.5088999999999603 0.053800000000000514 0.4373000000000392
972 0.5015999999999611 0.059400000000000674 0.43900000000003825
973 0.4940999999999619 0.06510000000000084 0.4408000000000373
974 0.48819999999996255 0.06990000000000098 0.4419000000000365
975 0.4820999999999632 0.07280000000000106 0.4451000000000357
976 0.475199999999964 0.07640000000000116 0.4484000000000349
977 0.4667999999999649 0.08150000000000131 0.4517000000000338
978 0.46019999999996564 0.08400000000000138 0.45580000000003296
979 0.4496999999999668 0.08900000000000152 0.4613000000000317
980 0.4403999999999678 0.09310000000000164 0.46650000000003056
981 0.43099999999996885 0.0988000000000018 0.47020000000002937
982 0.4198999999999701 0.10420000000000196 0.47590000000002797
983 0.41109999999997104 0.10680000000000203 0.48210000000002695
984 0.40369999999997186 0.10850000000000208 0.48780000000002605
985 0.3942999999999729 0.11100000000000215 0.49470000000002495
986 0.3835999999999741 0.1126000000000022 0.5038000000000238
987 0.375199999999975 0.11430000000000225 0.5105000000000227
988 0.3685999999999757 0.11660000000000231 0.5148000000000219
989 0.35939999999997674 0.11850000000000237 0.5221000000000209
990 0.35119999999997764 0.1196000000000024 0.52920000000002
991 0.34369999999997847 0.11990000000000241 0.5364000000000191
992 0.33559999999997936 0.11790000000000235 0.5465000000000183
993 0.33019999999997995 0.11800000000000235 0.5518000000000177
994 0.32489999999998054 0.12040000000000242 0.5547000000000171
995 0.31769999999998133 0.12090000000000244 0.5614000000000162
996 0.31039999999998213 0.12130000000000245 0.5683000000000155
997 0.30469999999998276 0.12230000000000248 0.5730000000000147
998 0.2963999999999837 0.1233000000000025 0.5803000000000138
999 0.28859999999998454 0.12590000000000245 0.585500000000013
