0 0.3374 0.3297 0.3329
10000 0.2735 0.255 0.4715
20000 0.2555 0.1905 0.554
30000 0.259 0.1421 0.5989
40000 0.2833 0.103 0.6137
50000 0.3162 0.0751 0.6087
60000 0.3588 0.0533 0.5879
70000 0.3972 0.04 0.5628
80000 0.4394 0.0327 0.5279
90000 0.4837 0.025 0.4913
100000 0.5194 0.0205 0.4601
110000 0.5548 0.0172 0.428
120000 0.5903 0.0138 0.3959
130000 0.6207 0.0116 0.3677
140000 0.6524 0.0115 0.3361
150000 0.6786 0.0106 0.3108
160000 0.7054 0.0083 0.2863
170000 0.7327 0.0085 0.2588
180000 0.753 0.0079 0.2391
190000 0.7744 0.0054 0.2202
200000 0.7933 0.0045 0.2022
210000 0.8107 0.0042 0.1851
220000 0.8256 0.0037 0.1707
230000 0.8381 0.0043 0.1576
240000 0.8514 0.0032 0.1454
250000 0.865 0.0029 0.1321
260000 0.8781 0.0032 0.1187
270000 0.8874 0.0029 0.1097
280000 0.896 0.0034 0.1006
290000 0.9035 0.0036 0.0929
300000 0.9117 0.0026 0.0857
310000 0.9186 0.0026 0.0788
320000 0.9237 0.0028 0.0735
330000 0.9295 0.0033 0.0672
340000 0.9334 0.0023 0.0643
350000 0.9387 0.0019 0.0594
360000 0.9441 0.0011 0.0548
370000 0.9493 0.001 0.0497
380000 0.955 4.0E-4 0.0446
390000 0.9583 9.0E-4 0.0408
400000 0.9604 0.001 0.0386
410000 0.9637 5.0E-4 0.0358
420000 0.9665 3.0E-4 0.0332
430000 0.9705 2.0E-4 0.0293
440000 0.9736 2.0E-4 0.0262
450000 0.9756 0.0 0.0244
460000 0.9782 0.0 0.0218
470000 0.9804 0.0 0.0196
480000 0.9824 0.0 0.0176
490000 0.9839 0.0 0.0161
500000 0.9858 0.0 0.0142
510000 0.9865 0.0 0.0135
520000 0.9877 0.0 0.0123
530000 0.9892 0.0 0.0108
540000 0.99 0.0 0.01
550000 0.9913 0.0 0.0087
560000 0.9918 0.0 0.0082
570000 0.9924 0.0 0.0076
580000 0.9935 0.0 0.0065
590000 0.9939 0.0 0.0061
600000 0.9948 0.0 0.0052
610000 0.9954 0.0 0.0046
620000 0.9956 0.0 0.0044
630000 0.9962 0.0 0.0038
640000 0.9967 0.0 0.0033
650000 0.9971 0.0 0.0029
660000 0.9976 0.0 0.0024
670000 0.998 0.0 0.002
680000 0.998 0.0 0.002
690000 0.9982 0.0 0.0018
700000 0.9985 0.0 0.0015
710000 0.9986 0.0 0.0014
720000 0.9986 0.0 0.0014
730000 0.9987 0.0 0.0013
740000 0.9988 0.0 0.0012
750000 0.999 0.0 0.001
760000 0.9991 0.0 9.0E-4
770000 0.9991 0.0 9.0E-4
780000 0.9993 0.0 7.0E-4
790000 0.9994 0.0 6.0E-4
800000 0.9994 0.0 6.0E-4
810000 0.9995 0.0 5.0E-4
820000 0.9996 0.0 4.0E-4
830000 0.9996 0.0 4.0E-4
840000 0.9997 0.0 3.0E-4
850000 0.9998 0.0 2.0E-4
860000 0.9998 0.0 2.0E-4
870000 0.9998 0.0 2.0E-4
880000 0.9998 0.0 2.0E-4
890000 0.9998 0.0 2.0E-4
900000 0.9999 0.0 1.0E-4
910000 0.9999 0.0 1.0E-4
920000 0.9999 0.0 1.0E-4
930000 0.9999 0.0 1.0E-4
940000 0.9999 0.0 1.0E-4
950000 1.0 0.0 0.0
960000 1.0 0.0 0.0
970000 1.0 0.0 0.0
980000 1.0 0.0 0.0
990000 1.0 0.0 0.0
1000000 1.0 0.0 0.0
1010000 1.0 0.0 0.0
1020000 1.0 0.0 0.0
1030000 1.0 0.0 0.0
1040000 1.0 0.0 0.0
1050000 1.0 0.0 0.0
1060000 1.0 0.0 0.0
1070000 1.0 0.0 0.0
1080000 1.0 0.0 0.0
1090000 1.0 0.0 0.0
1100000 1.0 0.0 0.0
1110000 1.0 0.0 0.0
1120000 1.0 0.0 0.0
1130000 1.0 0.0 0.0
1140000 1.0 0.0 0.0
1150000 1.0 0.0 0.0
1160000 1.0 0.0 0.0
1170000 1.0 0.0 0.0
1180000 1.0 0.0 0.0
1190000 1.0 0.0 0.0
1200000 1.0 0.0 0.0
1210000 1.0 0.0 0.0
1220000 1.0 0.0 0.0
1230000 1.0 0.0 0.0
1240000 1.0 0.0 0.0
1250000 1.0 0.0 0.0
1260000 1.0 0.0 0.0
1270000 1.0 0.0 0.0
1280000 1.0 0.0 0.0
1290000 1.0 0.0 0.0
1300000 1.0 0.0 0.0
1310000 1.0 0.0 0.0
1320000 1.0 0.0 0.0
1330000 1.0 0.0 0.0
1340000 1.0 0.0 0.0
1350000 1.0 0.0 0.0
1360000 1.0 0.0 0.0
1370000 1.0 0.0 0.0
1380000 1.0 0.0 0.0
1390000 1.0 0.0 0.0
1400000 1.0 0.0 0.0
1410000 1.0 0.0 0.0
1420000 1.0 0.0 0.0
1430000 1.0 0.0 0.0
1440000 1.0 0.0 0.0
1450000 1.0 0.0 0.0
1460000 1.0 0.0 0.0
1470000 1.0 0.0 0.0
1480000 1.0 0.0 0.0
1490000 1.0 0.0 0.0
1500000 1.0 0.0 0.0
1510000 1.0 0.0 0.0
1520000 1.0 0.0 0.0
1530000 1.0 0.0 0.0
1540000 1.0 0.0 0.0
1550000 1.0 0.0 0.0
1560000 1.0 0.0 0.0
1570000 1.0 0.0 0.0
1580000 1.0 0.0 0.0
1590000 1.0 0.0 0.0
1600000 1.0 0.0 0.0
1610000 1.0 0.0 0.0
1620000 1.0 0.0 0.0
1630000 1.0 0.0 0.0
1640000 1.0 0.0 0.0
1650000 1.0 0.0 0.0
1660000 1.0 0.0 0.0
1670000 1.0 0.0 0.0
1680000 1.0 0.0 0.0
1690000 1.0 0.0 0.0
1700000 1.0 0.0 0.0
1710000 1.0 0.0 0.0
1720000 1.0 0.0 0.0
1730000 1.0 0.0 0.0
1740000 1.0 0.0 0.0
1750000 1.0 0.0 0.0
1760000 1.0 0.0 0.0
1770000 1.0 0.0 0.0
1780000 1.0 0.0 0.0
1790000 1.0 0.0 0.0
1800000 1.0 0.0 0.0
1810000 1.0 0.0 0.0
1820000 1.0 0.0 0.0
1830000 1.0 0.0 0.0
1840000 1.0 0.0 0.0
1850000 1.0 0.0 0.0
1860000 1.0 0.0 0.0
1870000 1.0 0.0 0.0
1880000 1.0 0.0 0.0
1890000 1.0 0.0 0.0
1900000 1.0 0.0 0.0
1910000 1.0 0.0 0.0
1920000 1.0 0.0 0.0
1930000 1.0 0.0 0.0
1940000 1.0 0.0 0.0
1950000 1.0 0.0 0.0
1960000 1.0 0.0 0.0
1970000 1.0 0.0 0.0
1980000 1.0 0.0 0.0
1990000 1.0 0.0 0.0
2000000 1.0 0.0 0.0
2010000 1.0 0.0 0.0
2020000 1.0 0.0 0.0
2030000 1.0 0.0 0.0
2040000 1.0 0.0 0.0
2050000 1.0 0.0 0.0
2060000 1.0 0.0 0.0
2070000 1.0 0.0 0.0
2080000 1.0 0.0 0.0
2090000 1.0 0.0 0.0
2100000 1.0 0.0 0.0
2110000 1.0 0.0 0.0
2120000 1.0 0.0 0.0
2130000 1.0 0.0 0.0
2140000 1.0 0.0 0.0
2150000 1.0 0.0 0.0
2160000 1.0 0.0 0.0
2170000 1.0 0.0 0.0
2180000 1.0 0.0 0.0
2190000 1.0 0.0 0.0
2200000 1.0 0.0 0.0
2210000 1.0 0.0 0.0
2220000 1.0 0.0 0.0
2230000 1.0 0.0 0.0
2240000 1.0 0.0 0.0
2250000 1.0 0.0 0.0
2260000 1.0 0.0 0.0
2270000 1.0 0.0 0.0
2280000 1.0 0.0 0.0
2290000 1.0 0.0 0.0
2300000 1.0 0.0 0.0
2310000 1.0 0.0 0.0
2320000 1.0 0.0 0.0
2330000 1.0 0.0 0.0
2340000 1.0 0.0 0.0
2350000 1.0 0.0 0.0
2360000 1.0 0.0 0.0
2370000 1.0 0.0 0.0
2380000 1.0 0.0 0.0
2390000 1.0 0.0 0.0
2400000 1.0 0.0 0.0
2410000 1.0 0.0 0.0
2420000 1.0 0.0 0.0
2430000 1.0 0.0 0.0
2440000 1.0 0.0 0.0
2450000 1.0 0.0 0.0
2460000 1.0 0.0 0.0
2470000 1.0 0.0 0.0
2480000 1.0 0.0 0.0
2490000 1.0 0.0 0.0
2500000 1.0 0.0 0.0
2510000 1.0 0.0 0.0
2520000 1.0 0.0 0.0
2530000 1.0 0.0 0.0
2540000 1.0 0.0 0.0
2550000 1.0 0.0 0.0
2560000 1.0 0.0 0.0
2570000 1.0 0.0 0.0
2580000 1.0 0.0 0.0
2590000 1.0 0.0 0.0
2600000 1.0 0.0 0.0
2610000 1.0 0.0 0.0
2620000 1.0 0.0 0.0
2630000 1.0 0.0 0.0
2640000 1.0 0.0 0.0
2650000 1.0 0.0 0.0
2660000 1.0 0.0 0.0
2670000 1.0 0.0 0.0
2680000 1.0 0.0 0.0
2690000 1.0 0.0 0.0
2700000 1.0 0.0 0.0
2710000 1.0 0.0 0.0
2720000 1.0 0.0 0.0
2730000 1.0 0.0 0.0
2740000 1.0 0.0 0.0
2750000 1.0 0.0 0.0
2760000 1.0 0.0 0.0
2770000 1.0 0.0 0.0
2780000 1.0 0.0 0.0
2790000 1.0 0.0 0.0
2800000 1.0 0.0 0.0
2810000 1.0 0.0 0.0
2820000 1.0 0.0 0.0
2830000 1.0 0.0 0.0
2840000 1.0 0.0 0.0
2850000 1.0 0.0 0.0
2860000 1.0 0.0 0.0
2870000 1.0 0.0 0.0
2880000 1.0 0.0 0.0
2890000 1.0 0.0 0.0
2900000 1.0 0.0 0.0
2910000 1.0 0.0 0.0
2920000 1.0 0.0 0.0
2930000 1.0 0.0 0.0
2940000 1.0 0.0 0.0
2950000 1.0 0.0 0.0
2960000 1.0 0.0 0.0
2970000 1.0 0.0 0.0
2980000 1.0 0.0 0.0
2990000 1.0 0.0 0.0
3000000 1.0 0.0 0.0
3010000 1.0 0.0 0.0
3020000 1.0 0.0 0.0
3030000 1.0 0.0 0.0
3040000 1.0 0.0 0.0
3050000 1.0 0.0 0.0
3060000 1.0 0.0 0.0
3070000 1.0 0.0 0.0
3080000 1.0 0.0 0.0
3090000 1.0 0.0 0.0
3100000 1.0 0.0 0.0
3110000 1.0 0.0 0.0
3120000 1.0 0.0 0.0
3130000 1.0 0.0 0.0
3140000 1.0 0.0 0.0
3150000 1.0 0.0 0.0
3160000 1.0 0.0 0.0
3170000 1.0 0.0 0.0
3180000 1.0 0.0 0.0
3190000 1.0 0.0 0.0
3200000 1.0 0.0 0.0
3210000 1.0 0.0 0.0
3220000 1.0 0.0 0.0
3230000 1.0 0.0 0.0
3240000 1.0 0.0 0.0
3250000 1.0 0.0 0.0
3260000 1.0 0.0 0.0
3270000 1.0 0.0 0.0
3280000 1.0 0.0 0.0
3290000 1.0 0.0 0.0
3300000 1.0 0.0 0.0
3310000 1.0 0.0 0.0
3320000 1.0 0.0 0.0
3330000 1.0 0.0 0.0
3340000 1.0 0.0 0.0
3350000 1.0 0.0 0.0
3360000 1.0 0.0 0.0
3370000 1.0 0.0 0.0
3380000 1.0 0.0 0.0
3390000 1.0 0.0 0.0
3400000 1.0 0.0 0.0
3410000 1.0 0.0 0.0
3420000 1.0 0.0 0.0
3430000 1.0 0.0 0.0
3440000 1.0 0.0 0.0
3450000 1.0 0.0 0.0
3460000 1.0 0.0 0.0
3470000 1.0 0.0 0.0
3480000 1.0 0.0 0.0
3490000 1.0 0.0 0.0
3500000 1.0 0.0 0.0
3510000 1.0 0.0 0.0
3520000 1.0 0.0 0.0
3530000 1.0 0.0 0.0
3540000 1.0 0.0 0.0
3550000 1.0 0.0 0.0
3560000 1.0 0.0 0.0
3570000 1.0 0.0 0.0
3580000 1.0 0.0 0.0
3590000 1.0 0.0 0.0
3600000 1.0 0.0 0.0
3610000 1.0 0.0 0.0
3620000 1.0 0.0 0.0
3630000 1.0 0.0 0.0
3640000 1.0 0.0 0.0
3650000 1.0 0.0 0.0
3660000 1.0 0.0 0.0
3670000 1.0 0.0 0.0
3680000 1.0 0.0 0.0
3690000 1.0 0.0 0.0
3700000 1.0 0.0 0.0
3710000 1.0 0.0 0.0
3720000 1.0 0.0 0.0
3730000 1.0 0.0 0.0
3740000 1.0 0.0 0.0
3750000 1.0 0.0 0.0
3760000 1.0 0.0 0.0
3770000 1.0 0.0 0.0
3780000 1.0 0.0 0.0
3790000 1.0 0.0 0.0
3800000 1.0 0.0 0.0
3810000 1.0 0.0 0.0
3820000 1.0 0.0 0.0
3830000 1.0 0.0 0.0
3840000 1.0 0.0 0.0
3850000 1.0 0.0 0.0
3860000 1.0 0.0 0.0
3870000 1.0 0.0 0.0
3880000 1.0 0.0 0.0
3890000 1.0 0.0 0.0
3900000 1.0 0.0 0.0
3910000 1.0 0.0 0.0
3920000 1.0 0.0 0.0
3930000 1.0 0.0 0.0
3940000 1.0 0.0 0.0
3950000 1.0 0.0 0.0
3960000 1.0 0.0 0.0
3970000 1.0 0.0 0.0
3980000 1.0 0.0 0.0
3990000 1.0 0.0 0.0
4000000 1.0 0.0 0.0
4010000 1.0 0.0 0.0
4020000 1.0 0.0 0.0
4030000 1.0 0.0 0.0
4040000 1.0 0.0 0.0
4050000 1.0 0.0 0.0
4060000 1.0 0.0 0.0
4070000 1.0 0.0 0.0
4080000 1.0 0.0 0.0
4090000 1.0 0.0 0.0
4100000 1.0 0.0 0.0
4110000 1.0 0.0 0.0
4120000 1.0 0.0 0.0
4130000 1.0 0.0 0.0
4140000 1.0 0.0 0.0
4150000 1.0 0.0 0.0
4160000 1.0 0.0 0.0
4170000 1.0 0.0 0.0
4180000 1.0 0.0 0.0
4190000 1.0 0.0 0.0
4200000 1.0 0.0 0.0
4210000 1.0 0.0 0.0
4220000 1.0 0.0 0.0
4230000 1.0 0.0 0.0
4240000 1.0 0.0 0.0
4250000 1.0 0.0 0.0
4260000 1.0 0.0 0.0
4270000 1.0 0.0 0.0
4280000 1.0 0.0 0.0
4290000 1.0 0.0 0.0
4300000 1.0 0.0 0.0
4310000 1.0 0.0 0.0
4320000 1.0 0.0 0.0
4330000 1.0 0.0 0.0
4340000 1.0 0.0 0.0
4350000 1.0 0.0 0.0
4360000 1.0 0.0 0.0
4370000 1.0 0.0 0.0
4380000 1.0 0.0 0.0
4390000 1.0 0.0 0.0
4400000 1.0 0.0 0.0
4410000 1.0 0.0 0.0
4420000 1.0 0.0 0.0
4430000 1.0 0.0 0.0
4440000 1.0 0.0 0.0
4450000 1.0 0.0 0.0
4460000 1.0 0.0 0.0
4470000 1.0 0.0 0.0
4480000 1.0 0.0 0.0
4490000 1.0 0.0 0.0
4500000 1.0 0.0 0.0
4510000 1.0 0.0 0.0
4520000 1.0 0.0 0.0
4530000 1.0 0.0 0.0
4540000 1.0 0.0 0.0
4550000 1.0 0.0 0.0
4560000 1.0 0.0 0.0
4570000 1.0 0.0 0.0
4580000 1.0 0.0 0.0
4590000 1.0 0.0 0.0
4600000 1.0 0.0 0.0
4610000 1.0 0.0 0.0
4620000 1.0 0.0 0.0
4630000 1.0 0.0 0.0
4640000 1.0 0.0 0.0
4650000 1.0 0.0 0.0
4660000 1.0 0.0 0.0
4670000 1.0 0.0 0.0
4680000 1.0 0.0 0.0
4690000 1.0 0.0 0.0
4700000 1.0 0.0 0.0
4710000 1.0 0.0 0.0
4720000 1.0 0.0 0.0
4730000 1.0 0.0 0.0
4740000 1.0 0.0 0.0
4750000 1.0 0.0 0.0
4760000 1.0 0.0 0.0
4770000 1.0 0.0 0.0
4780000 1.0 0.0 0.0
4790000 1.0 0.0 0.0
4800000 1.0 0.0 0.0
4810000 1.0 0.0 0.0
4820000 1.0 0.0 0.0
4830000 1.0 0.0 0.0
4840000 1.0 0.0 0.0
4850000 1.0 0.0 0.0
4860000 1.0 0.0 0.0
4870000 1.0 0.0 0.0
4880000 1.0 0.0 0.0
4890000 1.0 0.0 0.0
4900000 1.0 0.0 0.0
4910000 1.0 0.0 0.0
4920000 1.0 0.0 0.0
4930000 1.0 0.0 0.0
4940000 1.0 0.0 0.0
4950000 1.0 0.0 0.0
4960000 1.0 0.0 0.0
4970000 1.0 0.0 0.0
4980000 1.0 0.0 0.0
4990000 1.0 0.0 0.0
5000000 1.0 0.0 0.0
5010000 1.0 0.0 0.0
5020000 1.0 0.0 0.0
5030000 1.0 0.0 0.0
5040000 1.0 0.0 0.0
5050000 1.0 0.0 0.0
5060000 1.0 0.0 0.0
5070000 1.0 0.0 0.0
5080000 1.0 0.0 0.0
5090000 1.0 0.0 0.0
5100000 1.0 0.0 0.0
5110000 1.0 0.0 0.0
5120000 1.0 0.0 0.0
5130000 1.0 0.0 0.0
5140000 1.0 0.0 0.0
5150000 1.0 0.0 0.0
5160000 1.0 0.0 0.0
5170000 1.0 0.0 0.0
5180000 1.0 0.0 0.0
5190000 1.0 0.0 0.0
5200000 1.0 0.0 0.0
5210000 1.0 0.0 0.0
5220000 1.0 0.0 0.0
5230000 1.0 0.0 0.0
5240000 1.0 0.0 0.0
5250000 1.0 0.0 0.0
5260000 1.0 0.0 0.0
5270000 1.0 0.0 0.0
5280000 1.0 0.0 0.0
5290000 1.0 0.0 0.0
5300000 1.0 0.0 0.0
5310000 1.0 0.0 0.0
5320000 1.0 0.0 0.0
5330000 1.0 0.0 0.0
5340000 1.0 0.0 0.0
5350000 1.0 0.0 0.0
5360000 1.0 0.0 0.0
5370000 1.0 0.0 0.0
5380000 1.0 0.0 0.0
5390000 1.0 0.0 0.0
5400000 1.0 0.0 0.0
5410000 1.0 0.0 0.0
5420000 1.0 0.0 0.0
5430000 1.0 0.0 0.0
5440000 1.0 0.0 0.0
5450000 1.0 0.0 0.0
5460000 1.0 0.0 0.0
5470000 1.0 0.0 0.0
5480000 1.0 0.0 0.0
5490000 1.0 0.0 0.0
5500000 1.0 0.0 0.0
5510000 1.0 0.0 0.0
5520000 1.0 0.0 0.0
5530000 1.0 0.0 0.0
5540000 1.0 0.0 0.0
5550000 1.0 0.0 0.0
5560000 1.0 0.0 0.0
5570000 1.0 0.0 0.0
5580000 1.0 0.0 0.0
5590000 1.0 0.0 0.0
5600000 1.0 0.0 0.0
5610000 1.0 0.0 0.0
5620000 1.0 0.0 0.0
5630000 1.0 0.0 0.0
5640000 1.0 0.0 0.0
5650000 1.0 0.0 0.0
5660000 1.0 0.0 0.0
5670000 1.0 0.0 0.0
5680000 1.0 0.0 0.0
5690000 1.0 0.0 0.0
5700000 1.0 0.0 0.0
5710000 1.0 0.0 0.0
5720000 1.0 0.0 0.0
5730000 1.0 0.0 0.0
5740000 1.0 0.0 0.0
5750000 1.0 0.0 0.0
5760000 1.0 0.0 0.0
5770000 1.0 0.0 0.0
5780000 1.0 0.0 0.0
5790000 1.0 0.0 0.0
5800000 1.0 0.0 0.0
5810000 1.0 0.0 0.0
5820000 1.0 0.0 0.0
5830000 1.0 0.0 0.0
5840000 1.0 0.0 0.0
5850000 1.0 0.0 0.0
5860000 1.0 0.0 0.0
5870000 1.0 0.0 0.0
5880000 1.0 0.0 0.0
5890000 1.0 0.0 0.0
5900000 1.0 0.0 0.0
5910000 1.0 0.0 0.0
5920000 1.0 0.0 0.0
5930000 1.0 0.0 0.0
5940000 1.0 0.0 0.0
5950000 1.0 0.0 0.0
5960000 1.0 0.0 0.0
5970000 1.0 0.0 0.0
5980000 1.0 0.0 0.0
5990000 1.0 0.0 0.0
6000000 1.0 0.0 0.0
6010000 1.0 0.0 0.0
6020000 1.0 0.0 0.0
6030000 1.0 0.0 0.0
6040000 1.0 0.0 0.0
6050000 1.0 0.0 0.0
6060000 1.0 0.0 0.0
6070000 1.0 0.0 0.0
6080000 1.0 0.0 0.0
6090000 1.0 0.0 0.0
6100000 1.0 0.0 0.0
6110000 1.0 0.0 0.0
6120000 1.0 0.0 0.0
6130000 1.0 0.0 0.0
6140000 1.0 0.0 0.0
6150000 1.0 0.0 0.0
6160000 1.0 0.0 0.0
6170000 1.0 0.0 0.0
6180000 1.0 0.0 0.0
6190000 1.0 0.0 0.0
6200000 1.0 0.0 0.0
6210000 1.0 0.0 0.0
6220000 1.0 0.0 0.0
6230000 1.0 0.0 0.0
6240000 1.0 0.0 0.0
6250000 1.0 0.0 0.0
6260000 1.0 0.0 0.0
6270000 1.0 0.0 0.0
6280000 1.0 0.0 0.0
6290000 1.0 0.0 0.0
6300000 1.0 0.0 0.0
6310000 1.0 0.0 0.0
6320000 1.0 0.0 0.0
6330000 1.0 0.0 0.0
6340000 1.0 0.0 0.0
6350000 1.0 0.0 0.0
6360000 1.0 0.0 0.0
6370000 1.0 0.0 0.0
6380000 1.0 0.0 0.0
6390000 1.0 0.0 0.0
6400000 1.0 0.0 0.0
6410000 1.0 0.0 0.0
6420000 1.0 0.0 0.0
6430000 1.0 0.0 0.0
6440000 1.0 0.0 0.0
6450000 1.0 0.0 0.0
6460000 1.0 0.0 0.0
6470000 1.0 0.0 0.0
6480000 1.0 0.0 0.0
6490000 1.0 0.0 0.0
6500000 1.0 0.0 0.0
6510000 1.0 0.0 0.0
6520000 1.0 0.0 0.0
6530000 1.0 0.0 0.0
6540000 1.0 0.0 0.0
6550000 1.0 0.0 0.0
6560000 1.0 0.0 0.0
6570000 1.0 0.0 0.0
6580000 1.0 0.0 0.0
6590000 1.0 0.0 0.0
6600000 1.0 0.0 0.0
6610000 1.0 0.0 0.0
6620000 1.0 0.0 0.0
6630000 1.0 0.0 0.0
6640000 1.0 0.0 0.0
6650000 1.0 0.0 0.0
6660000 1.0 0.0 0.0
6670000 1.0 0.0 0.0
6680000 1.0 0.0 0.0
6690000 1.0 0.0 0.0
6700000 1.0 0.0 0.0
6710000 1.0 0.0 0.0
6720000 1.0 0.0 0.0
6730000 1.0 0.0 0.0
6740000 1.0 0.0 0.0
6750000 1.0 0.0 0.0
6760000 1.0 0.0 0.0
6770000 1.0 0.0 0.0
6780000 1.0 0.0 0.0
6790000 1.0 0.0 0.0
6800000 1.0 0.0 0.0
6810000 1.0 0.0 0.0
6820000 1.0 0.0 0.0
6830000 1.0 0.0 0.0
6840000 1.0 0.0 0.0
6850000 1.0 0.0 0.0
6860000 1.0 0.0 0.0
6870000 1.0 0.0 0.0
6880000 1.0 0.0 0.0
6890000 1.0 0.0 0.0
6900000 1.0 0.0 0.0
6910000 1.0 0.0 0.0
6920000 1.0 0.0 0.0
6930000 1.0 0.0 0.0
6940000 1.0 0.0 0.0
6950000 1.0 0.0 0.0
6960000 1.0 0.0 0.0
6970000 1.0 0.0 0.0
6980000 1.0 0.0 0.0
6990000 1.0 0.0 0.0
7000000 1.0 0.0 0.0
7010000 1.0 0.0 0.0
7020000 1.0 0.0 0.0
7030000 1.0 0.0 0.0
7040000 1.0 0.0 0.0
7050000 1.0 0.0 0.0
7060000 1.0 0.0 0.0
7070000 1.0 0.0 0.0
7080000 1.0 0.0 0.0
7090000 1.0 0.0 0.0
7100000 1.0 0.0 0.0
7110000 1.0 0.0 0.0
7120000 1.0 0.0 0.0
7130000 1.0 0.0 0.0
7140000 1.0 0.0 0.0
7150000 1.0 0.0 0.0
7160000 1.0 0.0 0.0
7170000 1.0 0.0 0.0
7180000 1.0 0.0 0.0
7190000 1.0 0.0 0.0
7200000 1.0 0.0 0.0
7210000 1.0 0.0 0.0
7220000 1.0 0.0 0.0
7230000 1.0 0.0 0.0
7240000 1.0 0.0 0.0
7250000 1.0 0.0 0.0
7260000 1.0 0.0 0.0
7270000 1.0 0.0 0.0
7280000 1.0 0.0 0.0
7290000 1.0 0.0 0.0
7300000 1.0 0.0 0.0
7310000 1.0 0.0 0.0
7320000 1.0 0.0 0.0
7330000 1.0 0.0 0.0
7340000 1.0 0.0 0.0
7350000 1.0 0.0 0.0
7360000 1.0 0.0 0.0
7370000 1.0 0.0 0.0
7380000 1.0 0.0 0.0
7390000 1.0 0.0 0.0
7400000 1.0 0.0 0.0
7410000 1.0 0.0 0.0
7420000 1.0 0.0 0.0
7430000 1.0 0.0 0.0
7440000 1.0 0.0 0.0
7450000 1.0 0.0 0.0
7460000 1.0 0.0 0.0
7470000 1.0 0.0 0.0
7480000 1.0 0.0 0.0
7490000 1.0 0.0 0.0
7500000 1.0 0.0 0.0
7510000 1.0 0.0 0.0
7520000 1.0 0.0 0.0
7530000 1.0 0.0 0.0
7540000 1.0 0.0 0.0
7550000 1.0 0.0 0.0
7560000 1.0 0.0 0.0
7570000 1.0 0.0 0.0
7580000 1.0 0.0 0.0
7590000 1.0 0.0 0.0
7600000 1.0 0.0 0.0
7610000 1.0 0.0 0.0
7620000 1.0 0.0 0.0
7630000 1.0 0.0 0.0
7640000 1.0 0.0 0.0
7650000 1.0 0.0 0.0
7660000 1.0 0.0 0.0
7670000 1.0 0.0 0.0
7680000 1.0 0.0 0.0
7690000 1.0 0.0 0.0
7700000 1.0 0.0 0.0
7710000 1.0 0.0 0.0
7720000 1.0 0.0 0.0
7730000 1.0 0.0 0.0
7740000 1.0 0.0 0.0
7750000 1.0 0.0 0.0
7760000 1.0 0.0 0.0
7770000 1.0 0.0 0.0
7780000 1.0 0.0 0.0
7790000 1.0 0.0 0.0
7800000 1.0 0.0 0.0
7810000 1.0 0.0 0.0
7820000 1.0 0.0 0.0
7830000 1.0 0.0 0.0
7840000 1.0 0.0 0.0
7850000 1.0 0.0 0.0
7860000 1.0 0.0 0.0
7870000 1.0 0.0 0.0
7880000 1.0 0.0 0.0
7890000 1.0 0.0 0.0
7900000 1.0 0.0 0.0
7910000 1.0 0.0 0.0
7920000 1.0 0.0 0.0
7930000 1.0 0.0 0.0
7940000 1.0 0.0 0.0
7950000 1.0 0.0 0.0
7960000 1.0 0.0 0.0
7970000 1.0 0.0 0.0
7980000 1.0 0.0 0.0
7990000 1.0 0.0 0.0
8000000 1.0 0.0 0.0
8010000 1.0 0.0 0.0
8020000 1.0 0.0 0.0
8030000 1.0 0.0 0.0
8040000 1.0 0.0 0.0
8050000 1.0 0.0 0.0
8060000 1.0 0.0 0.0
8070000 1.0 0.0 0.0
8080000 1.0 0.0 0.0
8090000 1.0 0.0 0.0
8100000 1.0 0.0 0.0
8110000 1.0 0.0 0.0
8120000 1.0 0.0 0.0
8130000 1.0 0.0 0.0
8140000 1.0 0.0 0.0
8150000 1.0 0.0 0.0
8160000 1.0 0.0 0.0
8170000 1.0 0.0 0.0
8180000 1.0 0.0 0.0
8190000 1.0 0.0 0.0
8200000 1.0 0.0 0.0
8210000 1.0 0.0 0.0
8220000 1.0 0.0 0.0
8230000 1.0 0.0 0.0
8240000 1.0 0.0 0.0
8250000 1.0 0.0 0.0
8260000 1.0 0.0 0.0
8270000 1.0 0.0 0.0
8280000 1.0 0.0 0.0
8290000 1.0 0.0 0.0
8300000 1.0 0.0 0.0
8310000 1.0 0.0 0.0
8320000 1.0 0.0 0.0
8330000 1.0 0.0 0.0
8340000 1.0 0.0 0.0
8350000 1.0 0.0 0.0
8360000 1.0 0.0 0.0
8370000 1.0 0.0 0.0
8380000 1.0 0.0 0.0
8390000 1.0 0.0 0.0
8400000 1.0 0.0 0.0
8410000 1.0 0.0 0.0
8420000 1.0 0.0 0.0
8430000 1.0 0.0 0.0
8440000 1.0 0.0 0.0
8450000 1.0 0.0 0.0
8460000 1.0 0.0 0.0
8470000 1.0 0.0 0.0
8480000 1.0 0.0 0.0
8490000 1.0 0.0 0.0
8500000 1.0 0.0 0.0
8510000 1.0 0.0 0.0
8520000 1.0 0.0 0.0
8530000 1.0 0.0 0.0
8540000 1.0 0.0 0.0
8550000 1.0 0.0 0.0
8560000 1.0 0.0 0.0
8570000 1.0 0.0 0.0
8580000 1.0 0.0 0.0
8590000 1.0 0.0 0.0
8600000 1.0 0.0 0.0
8610000 1.0 0.0 0.0
8620000 1.0 0.0 0.0
8630000 1.0 0.0 0.0
8640000 1.0 0.0 0.0
8650000 1.0 0.0 0.0
8660000 1.0 0.0 0.0
8670000 1.0 0.0 0.0
8680000 1.0 0.0 0.0
8690000 1.0 0.0 0.0
8700000 1.0 0.0 0.0
8710000 1.0 0.0 0.0
8720000 1.0 0.0 0.0
8730000 1.0 0.0 0.0
8740000 1.0 0.0 0.0
8750000 1.0 0.0 0.0
8760000 1.0 0.0 0.0
8770000 1.0 0.0 0.0
8780000 1.0 0.0 0.0
8790000 1.0 0.0 0.0
8800000 1.0 0.0 0.0
8810000 1.0 0.0 0.0
8820000 1.0 0.0 0.0
8830000 1.0 0.0 0.0
8840000 1.0 0.0 0.0
8850000 1.0 0.0 0.0
8860000 1.0 0.0 0.0
8870000 1.0 0.0 0.0
8880000 1.0 0.0 0.0
8890000 1.0 0.0 0.0
8900000 1.0 0.0 0.0
8910000 1.0 0.0 0.0
8920000 1.0 0.0 0.0
8930000 1.0 0.0 0.0
8940000 1.0 0.0 0.0
8950000 1.0 0.0 0.0
8960000 1.0 0.0 0.0
8970000 1.0 0.0 0.0
8980000 1.0 0.0 0.0
8990000 1.0 0.0 0.0
9000000 1.0 0.0 0.0
9010000 1.0 0.0 0.0
9020000 1.0 0.0 0.0
9030000 1.0 0.0 0.0
9040000 1.0 0.0 0.0
9050000 1.0 0.0 0.0
9060000 1.0 0.0 0.0
9070000 1.0 0.0 0.0
9080000 1.0 0.0 0.0
9090000 1.0 0.0 0.0
9100000 1.0 0.0 0.0
9110000 1.0 0.0 0.0
9120000 1.0 0.0 0.0
9130000 1.0 0.0 0.0
9140000 1.0 0.0 0.0
9150000 1.0 0.0 0.0
9160000 1.0 0.0 0.0
9170000 1.0 0.0 0.0
9180000 1.0 0.0 0.0
9190000 1.0 0.0 0.0
9200000 1.0 0.0 0.0
9210000 1.0 0.0 0.0
9220000 1.0 0.0 0.0
9230000 1.0 0.0 0.0
9240000 1.0 0.0 0.0
9250000 1.0 0.0 0.0
9260000 1.0 0.0 0.0
9270000 1.0 0.0 0.0
9280000 1.0 0.0 0.0
9290000 1.0 0.0 0.0
9300000 1.0 0.0 0.0
9310000 1.0 0.0 0.0
9320000 1.0 0.0 0.0
9330000 1.0 0.0 0.0
9340000 1.0 0.0 0.0
9350000 1.0 0.0 0.0
9360000 1.0 0.0 0.0
9370000 1.0 0.0 0.0
9380000 1.0 0.0 0.0
9390000 1.0 0.0 0.0
9400000 1.0 0.0 0.0
9410000 1.0 0.0 0.0
9420000 1.0 0.0 0.0
9430000 1.0 0.0 0.0
9440000 1.0 0.0 0.0
9450000 1.0 0.0 0.0
9460000 1.0 0.0 0.0
9470000 1.0 0.0 0.0
9480000 1.0 0.0 0.0
9490000 1.0 0.0 0.0
9500000 1.0 0.0 0.0
9510000 1.0 0.0 0.0
9520000 1.0 0.0 0.0
9530000 1.0 0.0 0.0
9540000 1.0 0.0 0.0
9550000 1.0 0.0 0.0
9560000 1.0 0.0 0.0
9570000 1.0 0.0 0.0
9580000 1.0 0.0 0.0
9590000 1.0 0.0 0.0
9600000 1.0 0.0 0.0
9610000 1.0 0.0 0.0
9620000 1.0 0.0 0.0
9630000 1.0 0.0 0.0
9640000 1.0 0.0 0.0
9650000 1.0 0.0 0.0
9660000 1.0 0.0 0.0
9670000 1.0 0.0 0.0
9680000 1.0 0.0 0.0
9690000 1.0 0.0 0.0
9700000 1.0 0.0 0.0
9710000 1.0 0.0 0.0
9720000 1.0 0.0 0.0
9730000 1.0 0.0 0.0
9740000 1.0 0.0 0.0
9750000 1.0 0.0 0.0
9760000 1.0 0.0 0.0
9770000 1.0 0.0 0.0
9780000 1.0 0.0 0.0
9790000 1.0 0.0 0.0
9800000 1.0 0.0 0.0
9810000 1.0 0.0 0.0
9820000 1.0 0.0 0.0
9830000 1.0 0.0 0.0
9840000 1.0 0.0 0.0
9850000 1.0 0.0 0.0
9860000 1.0 0.0 0.0
9870000 1.0 0.0 0.0
9880000 1.0 0.0 0.0
9890000 1.0 0.0 0.0
9900000 1.0 0.0 0.0
9910000 1.0 0.0 0.0
9920000 1.0 0.0 0.0
9930000 1.0 0.0 0.0
9940000 1.0 0.0 0.0
9950000 1.0 0.0 0.0
9960000 1.0 0.0 0.0
9970000 1.0 0.0 0.0
9980000 1.0 0.0 0.0
9990000 1.0 0.0 0.0
10000000 1.0 0.0 0.0
10010000 1.0 0.0 0.0
10020000 1.0 0.0 0.0
10030000 1.0 0.0 0.0
10040000 1.0 0.0 0.0
10050000 1.0 0.0 0.0
10060000 1.0 0.0 0.0
10070000 1.0 0.0 0.0
10080000 1.0 0.0 0.0
10090000 1.0 0.0 0.0
10100000 1.0 0.0 0.0
10110000 1.0 0.0 0.0
10120000 1.0 0.0 0.0
10130000 1.0 0.0 0.0
10140000 1.0 0.0 0.0
10150000 1.0 0.0 0.0
10160000 1.0 0.0 0.0
10170000 1.0 0.0 0.0
10180000 1.0 0.0 0.0
10190000 1.0 0.0 0.0
10200000 1.0 0.0 0.0
10210000 1.0 0.0 0.0
10220000 1.0 0.0 0.0
10230000 1.0 0.0 0.0
10240000 1.0 0.0 0.0
10250000 1.0 0.0 0.0
10260000 1.0 0.0 0.0
10270000 1.0 0.0 0.0
10280000 1.0 0.0 0.0
10290000 1.0 0.0 0.0
10300000 1.0 0.0 0.0
10310000 1.0 0.0 0.0
10320000 1.0 0.0 0.0
10330000 1.0 0.0 0.0
10340000 1.0 0.0 0.0
10350000 1.0 0.0 0.0
10360000 1.0 0.0 0.0
10370000 1.0 0.0 0.0
10380000 1.0 0.0 0.0
10390000 1.0 0.0 0.0
10400000 1.0 0.0 0.0
10410000 1.0 0.0 0.0
10420000 1.0 0.0 0.0
10430000 1.0 0.0 0.0
10440000 1.0 0.0 0.0
10450000 1.0 0.0 0.0
10460000 1.0 0.0 0.0
10470000 1.0 0.0 0.0
10480000 1.0 0.0 0.0
10490000 1.0 0.0 0.0
10500000 1.0 0.0 0.0
10510000 1.0 0.0 0.0
10520000 1.0 0.0 0.0
10530000 1.0 0.0 0.0
10540000 1.0 0.0 0.0
10550000 1.0 0.0 0.0
10560000 1.0 0.0 0.0
10570000 1.0 0.0 0.0
10580000 1.0 0.0 0.0
10590000 1.0 0.0 0.0
10600000 1.0 0.0 0.0
10610000 1.0 0.0 0.0
10620000 1.0 0.0 0.0
10630000 1.0 0.0 0.0
10640000 1.0 0.0 0.0
10650000 1.0 0.0 0.0
10660000 1.0 0.0 0.0
10670000 1.0 0.0 0.0
10680000 1.0 0.0 0.0
10690000 1.0 0.0 0.0
10700000 1.0 0.0 0.0
10710000 1.0 0.0 0.0
10720000 1.0 0.0 0.0
10730000 1.0 0.0 0.0
10740000 1.0 0.0 0.0
10750000 1.0 0.0 0.0
10760000 1.0 0.0 0.0
10770000 1.0 0.0 0.0
10780000 1.0 0.0 0.0
10790000 1.0 0.0 0.0
10800000 1.0 0.0 0.0
10810000 1.0 0.0 0.0
10820000 1.0 0.0 0.0
10830000 1.0 0.0 0.0
10840000 1.0 0.0 0.0
10850000 1.0 0.0 0.0
10860000 1.0 0.0 0.0
10870000 1.0 0.0 0.0
10880000 1.0 0.0 0.0
10890000 1.0 0.0 0.0
10900000 1.0 0.0 0.0
10910000 1.0 0.0 0.0
10920000 1.0 0.0 0.0
10930000 1.0 0.0 0.0
10940000 1.0 0.0 0.0
10950000 1.0 0.0 0.0
10960000 1.0 0.0 0.0
10970000 1.0 0.0 0.0
10980000 1.0 0.0 0.0
10990000 1.0 0.0 0.0
11000000 1.0 0.0 0.0
11010000 1.0 0.0 0.0
11020000 1.0 0.0 0.0
11030000 1.0 0.0 0.0
11040000 1.0 0.0 0.0
11050000 1.0 0.0 0.0
11060000 1.0 0.0 0.0
11070000 1.0 0.0 0.0
11080000 1.0 0.0 0.0
11090000 1.0 0.0 0.0
11100000 1.0 0.0 0.0
11110000 1.0 0.0 0.0
11120000 1.0 0.0 0.0
11130000 1.0 0.0 0.0
11140000 1.0 0.0 0.0
11150000 1.0 0.0 0.0
11160000 1.0 0.0 0.0
11170000 1.0 0.0 0.0
11180000 1.0 0.0 0.0
11190000 1.0 0.0 0.0
11200000 1.0 0.0 0.0
11210000 1.0 0.0 0.0
11220000 1.0 0.0 0.0
11230000 1.0 0.0 0.0
11240000 1.0 0.0 0.0
11250000 1.0 0.0 0.0
11260000 1.0 0.0 0.0
11270000 1.0 0.0 0.0
11280000 1.0 0.0 0.0
11290000 1.0 0.0 0.0
11300000 1.0 0.0 0.0
11310000 1.0 0.0 0.0
11320000 1.0 0.0 0.0
11330000 1.0 0.0 0.0
11340000 1.0 0.0 0.0
11350000 1.0 0.0 0.0
11360000 1.0 0.0 0.0
11370000 1.0 0.0 0.0
11380000 1.0 0.0 0.0
11390000 1.0 0.0 0.0
11400000 1.0 0.0 0.0
11410000 1.0 0.0 0.0
11420000 1.0 0.0 0.0
11430000 1.0 0.0 0.0
11440000 1.0 0.0 0.0
11450000 1.0 0.0 0.0
11460000 1.0 0.0 0.0
11470000 1.0 0.0 0.0
11480000 1.0 0.0 0.0
11490000 1.0 0.0 0.0
11500000 1.0 0.0 0.0
11510000 1.0 0.0 0.0
11520000 1.0 0.0 0.0
11530000 1.0 0.0 0.0
11540000 1.0 0.0 0.0
11550000 1.0 0.0 0.0
11560000 1.0 0.0 0.0
11570000 1.0 0.0 0.0
11580000 1.0 0.0 0.0
11590000 1.0 0.0 0.0
11600000 1.0 0.0 0.0
11610000 1.0 0.0 0.0
11620000 1.0 0.0 0.0
11630000 1.0 0.0 0.0
11640000 1.0 0.0 0.0
11650000 1.0 0.0 0.0
11660000 1.0 0.0 0.0
11670000 1.0 0.0 0.0
11680000 1.0 0.0 0.0
11690000 1.0 0.0 0.0
11700000 1.0 0.0 0.0
11710000 1.0 0.0 0.0
11720000 1.0 0.0 0.0
11730000 1.0 0.0 0.0
11740000 1.0 0.0 0.0
11750000 1.0 0.0 0.0
11760000 1.0 0.0 0.0
11770000 1.0 0.0 0.0
11780000 1.0 0.0 0.0
11790000 1.0 0.0 0.0
11800000 1.0 0.0 0.0
11810000 1.0 0.0 0.0
11820000 1.0 0.0 0.0
11830000 1.0 0.0 0.0
11840000 1.0 0.0 0.0
11850000 1.0 0.0 0.0
11860000 1.0 0.0 0.0
11870000 1.0 0.0 0.0
11880000 1.0 0.0 0.0
11890000 1.0 0.0 0.0
11900000 1.0 0.0 0.0
11910000 1.0 0.0 0.0
11920000 1.0 0.0 0.0
11930000 1.0 0.0 0.0
11940000 1.0 0.0 0.0
11950000 1.0 0.0 0.0
11960000 1.0 0.0 0.0
11970000 1.0 0.0 0.0
11980000 1.0 0.0 0.0
11990000 1.0 0.0 0.0
12000000 1.0 0.0 0.0
12010000 1.0 0.0 0.0
12020000 1.0 0.0 0.0
12030000 1.0 0.0 0.0
12040000 1.0 0.0 0.0
12050000 1.0 0.0 0.0
12060000 1.0 0.0 0.0
12070000 1.0 0.0 0.0
12080000 1.0 0.0 0.0
12090000 1.0 0.0 0.0
12100000 1.0 0.0 0.0
12110000 1.0 0.0 0.0
12120000 1.0 0.0 0.0
12130000 1.0 0.0 0.0
12140000 1.0 0.0 0.0
12150000 1.0 0.0 0.0
12160000 1.0 0.0 0.0
12170000 1.0 0.0 0.0
12180000 1.0 0.0 0.0
12190000 1.0 0.0 0.0
12200000 1.0 0.0 0.0
12210000 1.0 0.0 0.0
12220000 1.0 0.0 0.0
12230000 1.0 0.0 0.0
12240000 1.0 0.0 0.0
12250000 1.0 0.0 0.0
12260000 1.0 0.0 0.0
12270000 1.0 0.0 0.0
12280000 1.0 0.0 0.0
12290000 1.0 0.0 0.0
12300000 1.0 0.0 0.0
12310000 1.0 0.0 0.0
12320000 1.0 0.0 0.0
12330000 1.0 0.0 0.0
12340000 1.0 0.0 0.0
12350000 1.0 0.0 0.0
12360000 1.0 0.0 0.0
12370000 1.0 0.0 0.0
12380000 1.0 0.0 0.0
12390000 1.0 0.0 0.0
12400000 1.0 0.0 0.0
12410000 1.0 0.0 0.0
12420000 1.0 0.0 0.0
12430000 1.0 0.0 0.0
12440000 1.0 0.0 0.0
12450000 1.0 0.0 0.0
12460000 1.0 0.0 0.0
12470000 1.0 0.0 0.0
12480000 1.0 0.0 0.0
12490000 1.0 0.0 0.0
12500000 1.0 0.0 0.0
12510000 1.0 0.0 0.0
12520000 1.0 0.0 0.0
12530000 1.0 0.0 0.0
12540000 1.0 0.0 0.0
12550000 1.0 0.0 0.0
12560000 1.0 0.0 0.0
12570000 1.0 0.0 0.0
12580000 1.0 0.0 0.0
12590000 1.0 0.0 0.0
12600000 1.0 0.0 0.0
12610000 1.0 0.0 0.0
12620000 1.0 0.0 0.0
12630000 1.0 0.0 0.0
12640000 1.0 0.0 0.0
12650000 1.0 0.0 0.0
12660000 1.0 0.0 0.0
12670000 1.0 0.0 0.0
12680000 1.0 0.0 0.0
12690000 1.0 0.0 0.0
12700000 1.0 0.0 0.0
12710000 1.0 0.0 0.0
12720000 1.0 0.0 0.0
12730000 1.0 0.0 0.0
12740000 1.0 0.0 0.0
12750000 1.0 0.0 0.0
12760000 1.0 0.0 0.0
12770000 1.0 0.0 0.0
12780000 1.0 0.0 0.0
12790000 1.0 0.0 0.0
12800000 1.0 0.0 0.0
12810000 1.0 0.0 0.0
12820000 1.0 0.0 0.0
12830000 1.0 0.0 0.0
12840000 1.0 0.0 0.0
12850000 1.0 0.0 0.0
12860000 1.0 0.0 0.0
12870000 1.0 0.0 0.0
12880000 1.0 0.0 0.0
12890000 1.0 0.0 0.0
12900000 1.0 0.0 0.0
12910000 1.0 0.0 0.0
12920000 1.0 0.0 0.0
12930000 1.0 0.0 0.0
12940000 1.0 0.0 0.0
12950000 1.0 0.0 0.0
12960000 1.0 0.0 0.0
12970000 1.0 0.0 0.0
12980000 1.0 0.0 0.0
12990000 1.0 0.0 0.0
13000000 1.0 0.0 0.0
13010000 1.0 0.0 0.0
13020000 1.0 0.0 0.0
13030000 1.0 0.0 0.0
13040000 1.0 0.0 0.0
13050000 1.0 0.0 0.0
13060000 1.0 0.0 0.0
13070000 1.0 0.0 0.0
13080000 1.0 0.0 0.0
13090000 1.0 0.0 0.0
13100000 1.0 0.0 0.0
13110000 1.0 0.0 0.0
13120000 1.0 0.0 0.0
13130000 1.0 0.0 0.0
13140000 1.0 0.0 0.0
13150000 1.0 0.0 0.0
13160000 1.0 0.0 0.0
13170000 1.0 0.0 0.0
13180000 1.0 0.0 0.0
13190000 1.0 0.0 0.0
13200000 1.0 0.0 0.0
13210000 1.0 0.0 0.0
13220000 1.0 0.0 0.0
13230000 1.0 0.0 0.0
13240000 1.0 0.0 0.0
13250000 1.0 0.0 0.0
13260000 1.0 0.0 0.0
13270000 1.0 0.0 0.0
13280000 1.0 0.0 0.0
13290000 1.0 0.0 0.0
13300000 1.0 0.0 0.0
13310000 1.0 0.0 0.0
13320000 1.0 0.0 0.0
13330000 1.0 0.0 0.0
13340000 1.0 0.0 0.0
13350000 1.0 0.0 0.0
13360000 1.0 0.0 0.0
13370000 1.0 0.0 0.0
13380000 1.0 0.0 0.0
13390000 1.0 0.0 0.0
13400000 1.0 0.0 0.0
13410000 1.0 0.0 0.0
13420000 1.0 0.0 0.0
13430000 1.0 0.0 0.0
13440000 1.0 0.0 0.0
13450000 1.0 0.0 0.0
13460000 1.0 0.0 0.0
13470000 1.0 0.0 0.0
13480000 1.0 0.0 0.0
13490000 1.0 0.0 0.0
13500000 1.0 0.0 0.0
13510000 1.0 0.0 0.0
13520000 1.0 0.0 0.0
13530000 1.0 0.0 0.0
13540000 1.0 0.0 0.0
13550000 1.0 0.0 0.0
13560000 1.0 0.0 0.0
13570000 1.0 0.0 0.0
13580000 1.0 0.0 0.0
13590000 1.0 0.0 0.0
13600000 1.0 0.0 0.0
13610000 1.0 0.0 0.0
13620000 1.0 0.0 0.0
13630000 1.0 0.0 0.0
13640000 1.0 0.0 0.0
13650000 1.0 0.0 0.0
13660000 1.0 0.0 0.0
13670000 1.0 0.0 0.0
13680000 1.0 0.0 0.0
13690000 1.0 0.0 0.0
13700000 1.0 0.0 0.0
13710000 1.0 0.0 0.0
13720000 1.0 0.0 0.0
13730000 1.0 0.0 0.0
13740000 1.0 0.0 0.0
13750000 1.0 0.0 0.0
13760000 1.0 0.0 0.0
13770000 1.0 0.0 0.0
13780000 1.0 0.0 0.0
13790000 1.0 0.0 0.0
13800000 1.0 0.0 0.0
13810000 1.0 0.0 0.0
13820000 1.0 0.0 0.0
13830000 1.0 0.0 0.0
13840000 1.0 0.0 0.0
13850000 1.0 0.0 0.0
13860000 1.0 0.0 0.0
13870000 1.0 0.0 0.0
13880000 1.0 0.0 0.0
13890000 1.0 0.0 0.0
13900000 1.0 0.0 0.0
13910000 1.0 0.0 0.0
13920000 1.0 0.0 0.0
13930000 1.0 0.0 0.0
13940000 1.0 0.0 0.0
13950000 1.0 0.0 0.0
13960000 1.0 0.0 0.0
13970000 1.0 0.0 0.0
13980000 1.0 0.0 0.0
13990000 1.0 0.0 0.0
14000000 1.0 0.0 0.0
14010000 1.0 0.0 0.0
14020000 1.0 0.0 0.0
14030000 1.0 0.0 0.0
14040000 1.0 0.0 0.0
14050000 1.0 0.0 0.0
14060000 1.0 0.0 0.0
14070000 1.0 0.0 0.0
14080000 1.0 0.0 0.0
14090000 1.0 0.0 0.0
14100000 1.0 0.0 0.0
14110000 1.0 0.0 0.0
14120000 1.0 0.0 0.0
14130000 1.0 0.0 0.0
14140000 1.0 0.0 0.0
14150000 1.0 0.0 0.0
14160000 1.0 0.0 0.0
14170000 1.0 0.0 0.0
14180000 1.0 0.0 0.0
14190000 1.0 0.0 0.0
14200000 1.0 0.0 0.0
14210000 1.0 0.0 0.0
14220000 1.0 0.0 0.0
14230000 1.0 0.0 0.0
14240000 1.0 0.0 0.0
14250000 1.0 0.0 0.0
14260000 1.0 0.0 0.0
14270000 1.0 0.0 0.0
14280000 1.0 0.0 0.0
14290000 1.0 0.0 0.0
14300000 1.0 0.0 0.0
14310000 1.0 0.0 0.0
14320000 1.0 0.0 0.0
14330000 1.0 0.0 0.0
14340000 1.0 0.0 0.0
14350000 1.0 0.0 0.0
14360000 1.0 0.0 0.0
14370000 1.0 0.0 0.0
14380000 1.0 0.0 0.0
14390000 1.0 0.0 0.0
14400000 1.0 0.0 0.0
14410000 1.0 0.0 0.0
14420000 1.0 0.0 0.0
14430000 1.0 0.0 0.0
14440000 1.0 0.0 0.0
14450000 1.0 0.0 0.0
14460000 1.0 0.0 0.0
14470000 1.0 0.0 0.0
14480000 1.0 0.0 0.0
14490000 1.0 0.0 0.0
14500000 1.0 0.0 0.0
14510000 1.0 0.0 0.0
14520000 1.0 0.0 0.0
14530000 1.0 0.0 0.0
14540000 1.0 0.0 0.0
14550000 1.0 0.0 0.0
14560000 1.0 0.0 0.0
14570000 1.0 0.0 0.0
14580000 1.0 0.0 0.0
14590000 1.0 0.0 0.0
14600000 1.0 0.0 0.0
14610000 1.0 0.0 0.0
14620000 1.0 0.0 0.0
14630000 1.0 0.0 0.0
14640000 1.0 0.0 0.0
14650000 1.0 0.0 0.0
14660000 1.0 0.0 0.0
14670000 1.0 0.0 0.0
14680000 1.0 0.0 0.0
14690000 1.0 0.0 0.0
14700000 1.0 0.0 0.0
14710000 1.0 0.0 0.0
14720000 1.0 0.0 0.0
14730000 1.0 0.0 0.0
14740000 1.0 0.0 0.0
14750000 1.0 0.0 0.0
14760000 1.0 0.0 0.0
14770000 1.0 0.0 0.0
14780000 1.0 0.0 0.0
14790000 1.0 0.0 0.0
14800000 1.0 0.0 0.0
14810000 1.0 0.0 0.0
14820000 1.0 0.0 0.0
14830000 1.0 0.0 0.0
14840000 1.0 0.0 0.0
14850000 1.0 0.0 0.0
14860000 1.0 0.0 0.0
14870000 1.0 0.0 0.0
14880000 1.0 0.0 0.0
14890000 1.0 0.0 0.0
14900000 1.0 0.0 0.0
14910000 1.0 0.0 0.0
14920000 1.0 0.0 0.0
14930000 1.0 0.0 0.0
14940000 1.0 0.0 0.0
14950000 1.0 0.0 0.0
14960000 1.0 0.0 0.0
14970000 1.0 0.0 0.0
14980000 1.0 0.0 0.0
14990000 1.0 0.0 0.0
15000000 1.0 0.0 0.0
15010000 1.0 0.0 0.0
15020000 1.0 0.0 0.0
15030000 1.0 0.0 0.0
15040000 1.0 0.0 0.0
15050000 1.0 0.0 0.0
15060000 1.0 0.0 0.0
15070000 1.0 0.0 0.0
15080000 1.0 0.0 0.0
15090000 1.0 0.0 0.0
15100000 1.0 0.0 0.0
15110000 1.0 0.0 0.0
15120000 1.0 0.0 0.0
15130000 1.0 0.0 0.0
15140000 1.0 0.0 0.0
15150000 1.0 0.0 0.0
15160000 1.0 0.0 0.0
15170000 1.0 0.0 0.0
15180000 1.0 0.0 0.0
15190000 1.0 0.0 0.0
15200000 1.0 0.0 0.0
15210000 1.0 0.0 0.0
15220000 1.0 0.0 0.0
15230000 1.0 0.0 0.0
15240000 1.0 0.0 0.0
15250000 1.0 0.0 0.0
15260000 1.0 0.0 0.0
15270000 1.0 0.0 0.0
15280000 1.0 0.0 0.0
15290000 1.0 0.0 0.0
15300000 1.0 0.0 0.0
15310000 1.0 0.0 0.0
15320000 1.0 0.0 0.0
15330000 1.0 0.0 0.0
15340000 1.0 0.0 0.0
15350000 1.0 0.0 0.0
15360000 1.0 0.0 0.0
15370000 1.0 0.0 0.0
15380000 1.0 0.0 0.0
15390000 1.0 0.0 0.0
15400000 1.0 0.0 0.0
15410000 1.0 0.0 0.0
15420000 1.0 0.0 0.0
15430000 1.0 0.0 0.0
15440000 1.0 0.0 0.0
15450000 1.0 0.0 0.0
15460000 1.0 0.0 0.0
15470000 1.0 0.0 0.0
15480000 1.0 0.0 0.0
15490000 1.0 0.0 0.0
15500000 1.0 0.0 0.0
15510000 1.0 0.0 0.0
15520000 1.0 0.0 0.0
15530000 1.0 0.0 0.0
15540000 1.0 0.0 0.0
15550000 1.0 0.0 0.0
15560000 1.0 0.0 0.0
15570000 1.0 0.0 0.0
15580000 1.0 0.0 0.0
15590000 1.0 0.0 0.0
15600000 1.0 0.0 0.0
15610000 1.0 0.0 0.0
15620000 1.0 0.0 0.0
15630000 1.0 0.0 0.0
15640000 1.0 0.0 0.0
15650000 1.0 0.0 0.0
15660000 1.0 0.0 0.0
15670000 1.0 0.0 0.0
15680000 1.0 0.0 0.0
15690000 1.0 0.0 0.0
15700000 1.0 0.0 0.0
15710000 1.0 0.0 0.0
15720000 1.0 0.0 0.0
15730000 1.0 0.0 0.0
15740000 1.0 0.0 0.0
15750000 1.0 0.0 0.0
15760000 1.0 0.0 0.0
15770000 1.0 0.0 0.0
15780000 1.0 0.0 0.0
15790000 1.0 0.0 0.0
15800000 1.0 0.0 0.0
