0 0.3341999999999795 0.32549999999998047 0.34030000000004
1 0.24569999999998926 0.33639999999997927 0.41790000000003147
2 0.23149999999999082 0.3053999999999827 0.4631000000000265
3 0.24399999999998945 0.2645999999999872 0.4914000000000234
4 0.26109999999998756 0.24729999999998908 0.49160000000002335
5 0.284299999999985 0.22689999999999133 0.48880000000002366
6 0.30289999999998296 0.2171999999999924 0.47990000000002464
7 0.3195999999999811 0.21559999999999258 0.4648000000000263
8 0.32749999999998025 0.22039999999999205 0.4521000000000277
9 0.3415999999999787 0.21829999999999228 0.440100000000029
10 0.33949999999997893 0.22219999999999185 0.4383000000000292
11 0.3380999999999791 0.22119999999999196 0.44070000000002896
12 0.33299999999997965 0.22419999999999163 0.4428000000000287
13 0.34109999999997875 0.2170999999999924 0.44180000000002884
14 0.34659999999997815 0.21579999999999255 0.4376000000000293
15 0.3461999999999782 0.2225999999999918 0.43120000000003
16 0.3335999999999796 0.2261999999999914 0.440200000000029
17 0.32969999999998 0.22559999999999147 0.4447000000000285
18 0.33019999999997995 0.22499999999999154 0.4448000000000285
19 0.3268999999999803 0.22299999999999176 0.4501000000000279
20 0.3341999999999795 0.21929999999999217 0.4465000000000283
21 0.3287999999999801 0.22499999999999154 0.44620000000002835
22 0.32979999999998 0.22759999999999125 0.44260000000002875
23 0.32659999999998035 0.23059999999999092 0.4428000000000287
24 0.3289999999999801 0.22149999999999193 0.449500000000028
25 0.32739999999998026 0.22209999999999186 0.4505000000000279
26 0.3326999999999797 0.220699999999992 0.4466000000000283
27 0.3414999999999787 0.2154999999999926 0.4430000000000287
28 0.33849999999997904 0.22369999999999168 0.4378000000000293
29 0.32989999999998 0.23279999999999068 0.43730000000002933
30 0.32679999999998033 0.22689999999999133 0.44630000000002834
31 0.32399999999998064 0.229999999999991 0.4460000000000284
32 0.3222999999999808 0.22919999999999108 0.4485000000000281
33 0.3231999999999807 0.22489999999999155 0.4519000000000277
34 0.3317999999999798 0.2161999999999925 0.4520000000000277
35 0.33639999999997927 0.2152999999999926 0.4483000000000281
36 0.34039999999997883 0.2171999999999924 0.44240000000002877
37 0.34129999999997873 0.2190999999999922 0.4396000000000291
38 0.34459999999997837 0.21329999999999283 0.4421000000000288
39 0.3543999999999773 0.21409999999999274 0.43150000000002997
40 0.35279999999997746 0.2180999999999923 0.42910000000003024
41 0.3497999999999778 0.21849999999999226 0.43170000000002995
42 0.3506999999999777 0.2163999999999925 0.4329000000000298
43 0.3496999999999778 0.21869999999999223 0.43160000000002996
44 0.3450999999999783 0.22549999999999149 0.4294000000000302
45 0.32969999999998 0.23039999999999095 0.43990000000002905
46 0.3307999999999799 0.2261999999999914 0.4430000000000287
47 0.3344999999999795 0.22239999999999183 0.4431000000000287
48 0.33099999999997987 0.2243999999999916 0.44460000000002853
49 0.3325999999999797 0.22789999999999122 0.4395000000000291
50 0.32289999999998076 0.22839999999999117 0.4487000000000281
51 0.3151999999999816 0.23039999999999095 0.45440000000002745
52 0.31949999999998113 0.2281999999999912 0.4523000000000277
53 0.31939999999998114 0.21879999999999222 0.46180000000002663
54 0.3308999999999799 0.211799999999993 0.45730000000002713
55 0.32949999999998003 0.21779999999999233 0.45270000000002764
56 0.33029999999997994 0.21609999999999252 0.45360000000002754
57 0.34039999999997883 0.20949999999999325 0.4501000000000279
58 0.34009999999997886 0.21649999999999248 0.44340000000002866
59 0.33939999999997894 0.21939999999999216 0.4412000000000289
60 0.3450999999999783 0.2170999999999924 0.4378000000000293
61 0.3461999999999782 0.21289999999999287 0.44090000000002894
62 0.34739999999997806 0.22019999999999207 0.43240000000002987
63 0.34009999999997886 0.22149999999999193 0.4384000000000292
64 0.33549999999997937 0.21699999999999242 0.4475000000000282
65 0.3370999999999792 0.21659999999999247 0.44630000000002834
66 0.3443999999999784 0.22189999999999188 0.43370000000002973
67 0.33369999999997957 0.23569999999999036 0.43060000000003007
68 0.3304999999999799 0.2306999999999909 0.43880000000002917
69 0.33459999999997947 0.22149999999999193 0.4439000000000286
70 0.3432999999999785 0.21249999999999292 0.44420000000002857
71 0.34659999999997815 0.2163999999999925 0.43700000000002936
72 0.33929999999997895 0.21969999999999212 0.4410000000000289
73 0.33939999999997894 0.22039999999999205 0.440200000000029
74 0.33559999999997936 0.22199999999999187 0.44240000000002877
75 0.33729999999997917 0.22489999999999155 0.4378000000000293
76 0.3316999999999798 0.2335999999999906 0.4347000000000296
77 0.32369999999998067 0.23429999999999052 0.4420000000000288
78 0.3162999999999815 0.23679999999999024 0.4469000000000283
79 0.32459999999998057 0.22869999999999113 0.4467000000000283
80 0.3281999999999802 0.2172999999999924 0.45450000000002744
81 0.3280999999999802 0.2225999999999918 0.449300000000028
82 0.32949999999998003 0.2180999999999923 0.45240000000002767
83 0.338699999999979 0.21839999999999227 0.4429000000000287
84 0.3398999999999789 0.21609999999999252 0.4440000000000286
85 0.3432999999999785 0.2189999999999922 0.4377000000000293
86 0.3451999999999783 0.21479999999999266 0.44000000000002903
87 0.3467999999999781 0.21339999999999282 0.43980000000002906
88 0.3414999999999787 0.21659999999999247 0.4419000000000288
89 0.3370999999999792 0.2188999999999922 0.4440000000000286
90 0.3413999999999787 0.21679999999999244 0.44180000000002884
91 0.33399999999997954 0.22569999999999146 0.440300000000029
92 0.33929999999997895 0.2225999999999918 0.43810000000002924
93 0.32979999999998 0.22849999999999115 0.44170000000002885
94 0.33389999999997955 0.22559999999999147 0.440500000000029
95 0.3415999999999787 0.22019999999999207 0.43820000000002923
96 0.3305999999999799 0.22139999999999194 0.44800000000002815
97 0.3340999999999795 0.2180999999999923 0.4478000000000282
98 0.3353999999999794 0.21749999999999237 0.44710000000002825
99 0.33459999999997947 0.2234999999999917 0.4419000000000288
100 0.3316999999999798 0.21699999999999242 0.4513000000000278
101 0.3343999999999795 0.21609999999999252 0.449500000000028
102 0.3343999999999795 0.2199999999999921 0.4456000000000284
103 0.33389999999997955 0.22599999999999143 0.440100000000029
104 0.32659999999998035 0.22939999999999106 0.4440000000000286
105 0.3269999999999803 0.22479999999999156 0.44820000000002813
106 0.3223999999999808 0.22869999999999113 0.44890000000002805
107 0.3259999999999804 0.22099999999999198 0.4530000000000276
108 0.33479999999997945 0.21419999999999273 0.4510000000000278
109 0.34039999999997883 0.21009999999999318 0.449500000000028
110 0.34559999999997826 0.21139999999999304 0.4430000000000287
111 0.3433999999999785 0.21379999999999277 0.4428000000000287
112 0.3459999999999782 0.21519999999999262 0.43880000000002917
113 0.34819999999997797 0.2152999999999926 0.4365000000000294
114 0.34749999999997805 0.21929999999999217 0.4332000000000298
115 0.33919999999997896 0.22409999999999164 0.4367000000000294
116 0.3358999999999793 0.22329999999999173 0.44080000000002895
117 0.34189999999997867 0.2181999999999923 0.43990000000002905
118 0.3415999999999787 0.2153999999999926 0.4430000000000287
119 0.34369999999997847 0.21789999999999232 0.4384000000000292
120 0.34459999999997837 0.21509999999999263 0.440300000000029
121 0.3407999999999788 0.21519999999999262 0.4440000000000286
122 0.33649999999997926 0.21569999999999256 0.4478000000000282
123 0.33549999999997937 0.22369999999999168 0.44080000000002895
124 0.3471999999999781 0.21459999999999269 0.43820000000002923
125 0.34299999999997854 0.22239999999999183 0.43460000000002963
126 0.33559999999997936 0.22859999999999114 0.4358000000000295
127 0.33749999999997915 0.22119999999999196 0.4413000000000289
128 0.34029999999997884 0.220899999999992 0.43880000000002917
129 0.33769999999997913 0.21849999999999226 0.4438000000000286
130 0.3467999999999781 0.21289999999999287 0.440300000000029
131 0.3485999999999779 0.2188999999999922 0.43250000000002986
132 0.33739999999997916 0.22239999999999183 0.440200000000029
133 0.33839999999997905 0.22409999999999164 0.4375000000000293
134 0.3362999999999793 0.22119999999999196 0.44250000000002876
135 0.34199999999997865 0.21849999999999226 0.4395000000000291
136 0.34189999999997867 0.22209999999999186 0.4360000000000295
137 0.33369999999997957 0.2271999999999913 0.43910000000002913
138 0.33559999999997936 0.22389999999999166 0.440500000000029
139 0.32989999999998 0.22659999999999136 0.44350000000002865
140 0.3350999999999794 0.2235999999999917 0.4413000000000289
141 0.33029999999997994 0.2234999999999917 0.44620000000002835
142 0.3331999999999796 0.22019999999999207 0.4466000000000283
143 0.32959999999998 0.23119999999999086 0.4392000000000291
144 0.3251999999999805 0.2325999999999907 0.4422000000000288
145 0.32989999999998 0.22699999999999132 0.4431000000000287
146 0.32839999999998015 0.22739999999999128 0.44420000000002857
147 0.3361999999999793 0.22229999999999184 0.44150000000002887
148 0.3332999999999796 0.22519999999999152 0.44150000000002887
149 0.3233999999999807 0.2380999999999901 0.4385000000000292
150 0.3223999999999808 0.2316999999999908 0.4459000000000284
151 0.32669999999998034 0.23309999999999065 0.440200000000029
152 0.32199999999998086 0.23829999999999008 0.43970000000002907
153 0.3161999999999815 0.2380999999999901 0.4457000000000284
154 0.3197999999999811 0.23469999999999047 0.44550000000002843
155 0.32469999999998056 0.22019999999999207 0.45510000000002737
156 0.33369999999997957 0.21859999999999224 0.4477000000000282
157 0.33639999999997927 0.21579999999999255 0.4478000000000282
158 0.33289999999997966 0.2180999999999923 0.44900000000002804
159 0.3307999999999799 0.2179999999999923 0.4512000000000278
160 0.3306999999999799 0.21419999999999273 0.45510000000002737
161 0.3395999999999789 0.21189999999999298 0.4485000000000281
162 0.34119999999997874 0.21419999999999273 0.44460000000002853
163 0.33919999999997896 0.22009999999999208 0.44070000000002896
164 0.3452999999999783 0.22159999999999191 0.4331000000000298
165 0.347899999999978 0.21829999999999228 0.4338000000000297
166 0.34649999999997816 0.22029999999999206 0.4332000000000298
167 0.3443999999999784 0.22209999999999186 0.43350000000002975
168 0.33829999999997906 0.22659999999999136 0.4351000000000296
169 0.3351999999999794 0.22009999999999208 0.4447000000000285
170 0.3333999999999796 0.22519999999999152 0.4414000000000289
171 0.32679999999998033 0.23209999999999076 0.4411000000000289
172 0.3307999999999799 0.22099999999999198 0.44820000000002813
173 0.3314999999999798 0.2179999999999923 0.4505000000000279
174 0.33389999999997955 0.2161999999999925 0.44990000000002794
175 0.34099999999997876 0.21369999999999278 0.44530000000002845
176 0.3424999999999786 0.22099999999999198 0.4365000000000294
177 0.3360999999999793 0.22689999999999133 0.43700000000002936
178 0.3343999999999795 0.22279999999999178 0.4428000000000287
179 0.3268999999999803 0.22789999999999122 0.44520000000002846
180 0.33099999999997987 0.21919999999999218 0.44980000000002796
181 0.3452999999999783 0.21499999999999264 0.43970000000002907
182 0.3453999999999783 0.2134999999999928 0.4411000000000289
183 0.34459999999997837 0.22099999999999198 0.43440000000002965
184 0.3452999999999783 0.2170999999999924 0.4376000000000293
185 0.356899999999977 0.2125999999999929 0.4305000000000301
186 0.35369999999997737 0.21409999999999274 0.4322000000000299
187 0.3441999999999784 0.21789999999999232 0.43790000000002927
188 0.34399999999997843 0.21749999999999237 0.4385000000000292
189 0.34119999999997874 0.21849999999999226 0.440300000000029
190 0.3381999999999791 0.22669999999999135 0.4351000000000296
191 0.3395999999999789 0.21599999999999253 0.44440000000002855
192 0.33949999999997893 0.2234999999999917 0.43700000000002936
193 0.338699999999979 0.22119999999999196 0.440100000000029
194 0.33739999999997916 0.22159999999999191 0.4410000000000289
195 0.3369999999999792 0.2235999999999917 0.4394000000000291
196 0.33309999999997963 0.22579999999999145 0.4411000000000289
197 0.3305999999999799 0.22689999999999133 0.44250000000002876
198 0.33029999999997994 0.22289999999999177 0.4468000000000283
199 0.3308999999999799 0.22429999999999162 0.4448000000000285
200 0.33469999999997946 0.2243999999999916 0.44090000000002894
201 0.3333999999999796 0.22589999999999144 0.44070000000002896
202 0.32199999999998086 0.23009999999999098 0.44790000000002816
203 0.3251999999999805 0.23459999999999048 0.440200000000029
204 0.32029999999998104 0.23249999999999071 0.44720000000002824
205 0.3251999999999805 0.2279999999999912 0.4468000000000283
206 0.32579999999998044 0.23099999999999088 0.4432000000000287
207 0.31839999999998125 0.23639999999999028 0.44520000000002846
208 0.3180999999999813 0.23749999999999016 0.44440000000002855
209 0.3142999999999817 0.2306999999999909 0.4550000000000274
210 0.32039999999998103 0.2252999999999915 0.45430000000002746
211 0.32469999999998056 0.22139999999999194 0.4539000000000275
212 0.33109999999997985 0.22019999999999207 0.4487000000000281
213 0.33369999999997957 0.2198999999999921 0.44640000000002833
214 0.33369999999997957 0.22039999999999205 0.4459000000000284
215 0.33669999999997924 0.22459999999999158 0.4387000000000292
216 0.3323999999999797 0.2272999999999913 0.440300000000029
217 0.3272999999999803 0.22469999999999157 0.44800000000002815
218 0.3214999999999809 0.22129999999999195 0.45720000000002714
219 0.3250999999999805 0.21739999999999238 0.4575000000000271
220 0.32649999999998036 0.22319999999999174 0.4503000000000279
221 0.32099999999998097 0.2288999999999911 0.4501000000000279
222 0.3241999999999806 0.22249999999999182 0.45330000000002757
223 0.3334999999999796 0.22019999999999207 0.44630000000002834
224 0.33549999999997937 0.21959999999999213 0.4449000000000285
225 0.32949999999998003 0.22639999999999139 0.4441000000000286
226 0.33469999999997946 0.22229999999999184 0.4430000000000287
227 0.3341999999999795 0.22829999999999118 0.4375000000000293
228 0.33119999999997984 0.22599999999999143 0.4428000000000287
229 0.3358999999999793 0.220899999999992 0.4432000000000287
230 0.33209999999997974 0.21659999999999247 0.4513000000000278
231 0.33389999999997955 0.21929999999999217 0.4468000000000283
232 0.3334999999999796 0.22369999999999168 0.4428000000000287
233 0.32969999999998 0.2307999999999909 0.4395000000000291
234 0.3277999999999802 0.23469999999999047 0.4375000000000293
235 0.3314999999999798 0.22579999999999145 0.44270000000002874
236 0.34019999999997885 0.22519999999999152 0.43460000000002963
237 0.3371999999999792 0.22739999999999128 0.43540000000002954
238 0.3380999999999791 0.22859999999999114 0.4333000000000298
239 0.32569999999998045 0.23689999999999023 0.4374000000000293
240 0.3217999999999809 0.2317999999999908 0.44640000000002833
241 0.3168999999999814 0.22759999999999125 0.4555000000000273
242 0.3195999999999811 0.2179999999999923 0.46240000000002657
243 0.3317999999999798 0.21049999999999314 0.4577000000000271
244 0.33839999999997905 0.20919999999999328 0.45240000000002767
245 0.34949999999997783 0.21039999999999315 0.440100000000029
246 0.3558999999999771 0.2079999999999934 0.43610000000002946
247 0.3497999999999778 0.21559999999999258 0.43460000000002963
248 0.3524999999999775 0.21949999999999215 0.42800000000003036
249 0.3424999999999786 0.2189999999999922 0.4385000000000292
250 0.33939999999997894 0.2161999999999925 0.44440000000002855
251 0.3458999999999782 0.21759999999999236 0.4365000000000294
252 0.33839999999997905 0.2199999999999921 0.44160000000002886
253 0.34749999999997805 0.2099999999999932 0.44250000000002876
254 0.3453999999999783 0.21659999999999247 0.43800000000002925
255 0.3378999999999791 0.2235999999999917 0.4385000000000292
256 0.34019999999997885 0.22009999999999208 0.43970000000002907
257 0.3352999999999794 0.2271999999999913 0.4375000000000293
258 0.33649999999997926 0.22209999999999186 0.4414000000000289
259 0.3371999999999792 0.22039999999999205 0.44240000000002877
260 0.33579999999997934 0.22579999999999145 0.4384000000000292
261 0.3461999999999782 0.21519999999999262 0.4386000000000292
262 0.34109999999997875 0.22019999999999207 0.4387000000000292
263 0.34039999999997883 0.21829999999999228 0.4413000000000289
264 0.3414999999999787 0.21459999999999269 0.4439000000000286
265 0.3435999999999785 0.2108999999999931 0.44550000000002843
266 0.33839999999997905 0.22149999999999193 0.440100000000029
267 0.3423999999999786 0.2189999999999922 0.4386000000000292
268 0.35099999999997766 0.21039999999999315 0.4386000000000292
269 0.3469999999999781 0.2180999999999923 0.4349000000000296
270 0.34729999999997807 0.2172999999999924 0.43540000000002954
271 0.3487999999999779 0.2135999999999928 0.4376000000000293
272 0.3486999999999779 0.21389999999999276 0.4374000000000293
273 0.3534999999999774 0.21249999999999292 0.4340000000000297
274 0.3497999999999778 0.21939999999999216 0.43080000000003005
275 0.34399999999997843 0.2272999999999913 0.4287000000000303
276 0.34099999999997876 0.22289999999999177 0.43610000000002946
277 0.33569999999997935 0.22699999999999132 0.43730000000002933
278 0.3308999999999799 0.22309999999999175 0.4460000000000284
279 0.33219999999997973 0.21839999999999227 0.449400000000028
280 0.3341999999999795 0.21859999999999224 0.44720000000002824
281 0.3395999999999789 0.21409999999999274 0.44630000000002834
282 0.34109999999997875 0.21879999999999222 0.440100000000029
283 0.3396999999999789 0.22789999999999122 0.43240000000002987
284 0.3452999999999783 0.22379999999999167 0.43090000000003004
285 0.3378999999999791 0.2271999999999913 0.4349000000000296
286 0.3322999999999797 0.23189999999999078 0.4358000000000295
287 0.33559999999997936 0.2162999999999925 0.44810000000002814
288 0.3413999999999787 0.2154999999999926 0.4431000000000287
289 0.3352999999999794 0.22859999999999114 0.43610000000002946
290 0.3380999999999791 0.22279999999999178 0.43910000000002913
291 0.33459999999997947 0.2261999999999914 0.4392000000000291
292 0.33219999999997973 0.22669999999999135 0.4411000000000289
293 0.32989999999998 0.22489999999999155 0.44520000000002846
294 0.33489999999997944 0.21599999999999253 0.44910000000002803
295 0.33829999999997906 0.21469999999999267 0.44700000000002826
296 0.3398999999999789 0.21559999999999258 0.44450000000002854
297 0.3332999999999796 0.21939999999999216 0.44730000000002823
298 0.33949999999997893 0.2180999999999923 0.44240000000002877
299 0.3459999999999782 0.21209999999999296 0.4419000000000288
300 0.34849999999997794 0.2016999999999941 0.44980000000002796
301 0.35119999999997764 0.2070999999999935 0.44170000000002885
302 0.35369999999997737 0.2108999999999931 0.43540000000002954
303 0.35939999999997674 0.2072999999999935 0.4333000000000298
304 0.3550999999999772 0.21589999999999254 0.42900000000003025
305 0.35009999999997776 0.2134999999999928 0.43640000000002943
306 0.3524999999999775 0.21559999999999258 0.4319000000000299
307 0.3453999999999783 0.2188999999999922 0.4357000000000295
308 0.3417999999999787 0.2179999999999923 0.440200000000029
309 0.33209999999997974 0.22859999999999114 0.4393000000000291
310 0.3324999999999797 0.23129999999999085 0.43620000000002945
311 0.3214999999999809 0.23489999999999045 0.44360000000002864
312 0.32389999999998065 0.22929999999999107 0.4468000000000283
313 0.32289999999998076 0.2262999999999914 0.45080000000002785
314 0.3272999999999803 0.2152999999999926 0.4574000000000271
315 0.33919999999997896 0.21149999999999303 0.449300000000028
316 0.33769999999997913 0.21579999999999255 0.4465000000000283
317 0.34129999999997873 0.21149999999999303 0.44720000000002824
318 0.3451999999999783 0.21779999999999233 0.43700000000002936
319 0.3459999999999782 0.21779999999999233 0.43620000000002945
320 0.3469999999999781 0.21869999999999223 0.43430000000002966
321 0.3485999999999779 0.2153999999999926 0.4360000000000295
322 0.33759999999997914 0.22229999999999184 0.440100000000029
323 0.3326999999999797 0.22849999999999115 0.43880000000002917
324 0.32949999999998003 0.229999999999991 0.440500000000029
325 0.32739999999998026 0.22589999999999144 0.4467000000000283
326 0.32949999999998003 0.2198999999999921 0.45060000000002787
327 0.34369999999997847 0.21189999999999298 0.44440000000002855
328 0.3577999999999769 0.2107999999999931 0.43140000000003
329 0.36039999999997663 0.21489999999999265 0.4247000000000307
330 0.35199999999997755 0.22099999999999198 0.42700000000003047
331 0.3489999999999779 0.2199999999999921 0.43100000000003
332 0.34639999999997817 0.2190999999999922 0.43450000000002964
333 0.3516999999999776 0.21499999999999264 0.4333000000000298
334 0.3549999999999772 0.21369999999999278 0.43130000000003
335 0.35489999999997723 0.21679999999999244 0.4283000000000303
336 0.35099999999997766 0.21939999999999216 0.4296000000000302
337 0.3441999999999784 0.22389999999999166 0.4319000000000299
338 0.33729999999997917 0.2272999999999913 0.43540000000002954
339 0.33839999999997905 0.22679999999999134 0.4348000000000296
340 0.33209999999997974 0.22499999999999154 0.4429000000000287
341 0.3306999999999799 0.2272999999999913 0.4420000000000288
342 0.32919999999998006 0.22929999999999107 0.44150000000002887
343 0.32009999999998107 0.23579999999999035 0.4441000000000286
344 0.3151999999999816 0.23139999999999084 0.45340000000002756
345 0.3178999999999813 0.23299999999999066 0.44910000000002803
346 0.32379999999998066 0.22139999999999194 0.4548000000000274
347 0.32459999999998057 0.2225999999999918 0.4528000000000276
348 0.33919999999997896 0.22009999999999208 0.44070000000002896
349 0.3380999999999791 0.2172999999999924 0.44460000000002853
350 0.34559999999997826 0.211699999999993 0.44270000000002874
351 0.35029999999997774 0.2089999999999933 0.44070000000002896
352 0.35219999999997753 0.2072999999999935 0.440500000000029
353 0.35749999999997695 0.20739999999999348 0.4351000000000296
354 0.347999999999978 0.2134999999999928 0.4385000000000292
355 0.3469999999999781 0.22009999999999208 0.4329000000000298
356 0.34299999999997854 0.2262999999999914 0.43070000000003006
357 0.34289999999997856 0.2317999999999908 0.42530000000003065
358 0.338699999999979 0.22919999999999108 0.4321000000000299
359 0.33309999999997963 0.22679999999999134 0.440100000000029
360 0.3261999999999804 0.22559999999999147 0.44820000000002813
361 0.32399999999998064 0.22229999999999184 0.4537000000000275
362 0.3253999999999805 0.22249999999999182 0.4521000000000277
363 0.33199999999997976 0.21589999999999254 0.4521000000000277
364 0.3426999999999786 0.20949999999999325 0.4478000000000282
365 0.3487999999999779 0.20739999999999348 0.4438000000000286
366 0.3558999999999771 0.2071999999999935 0.4369000000000294
367 0.35189999999997756 0.2126999999999929 0.43540000000002954
368 0.3423999999999786 0.220699999999992 0.4369000000000294
369 0.338799999999979 0.22009999999999208 0.4411000000000289
370 0.338999999999979 0.21829999999999228 0.44270000000002874
371 0.3380999999999791 0.22149999999999193 0.440400000000029
372 0.3351999999999794 0.22699999999999132 0.4378000000000293
373 0.3361999999999793 0.229999999999991 0.4338000000000297
374 0.33299999999997965 0.23059999999999092 0.43640000000002943
375 0.33119999999997984 0.2272999999999913 0.44150000000002887
376 0.3377999999999791 0.2261999999999914 0.4360000000000295
377 0.3408999999999788 0.22279999999999178 0.43630000000002944
378 0.3415999999999787 0.22009999999999208 0.4383000000000292
379 0.3341999999999795 0.2234999999999917 0.4423000000000288
380 0.3269999999999803 0.2281999999999912 0.4448000000000285
381 0.32119999999998095 0.22599999999999143 0.4528000000000276
382 0.3215999999999809 0.22339999999999172 0.4550000000000274
383 0.3249999999999805 0.22129999999999195 0.4537000000000275
384 0.32739999999998026 0.22199999999999187 0.45060000000002787
385 0.3381999999999791 0.21489999999999265 0.4469000000000283
386 0.34549999999997827 0.20929999999999327 0.44520000000002846
387 0.3507999999999777 0.20339999999999392 0.4458000000000284
388 0.35659999999997705 0.2098999999999932 0.43350000000002975
389 0.35279999999997746 0.21649999999999248 0.43070000000003006
390 0.34729999999997807 0.21419999999999273 0.4385000000000292
391 0.35119999999997764 0.20939999999999326 0.4394000000000291
392 0.35199999999997755 0.2107999999999931 0.43720000000002934
393 0.35389999999997734 0.21669999999999245 0.4294000000000302
394 0.34489999999997834 0.2197999999999921 0.43530000000002955
395 0.3351999999999794 0.22559999999999147 0.4392000000000291
396 0.32839999999998015 0.2272999999999913 0.44430000000002856
397 0.32039999999998103 0.23239999999999073 0.44720000000002824
398 0.320899999999981 0.22699999999999132 0.4521000000000277
399 0.3244999999999806 0.22219999999999185 0.45330000000002757
400 0.3268999999999803 0.2234999999999917 0.449600000000028
401 0.33109999999997985 0.220899999999992 0.44800000000002815
402 0.33219999999997973 0.2197999999999921 0.44800000000002815
403 0.3343999999999795 0.21459999999999269 0.4510000000000278
404 0.3413999999999787 0.22039999999999205 0.43820000000002923
405 0.34489999999997834 0.21849999999999226 0.4366000000000294
406 0.34459999999997837 0.2235999999999917 0.43180000000002994
407 0.3352999999999794 0.22859999999999114 0.43610000000002946
408 0.3308999999999799 0.22609999999999142 0.4430000000000287
409 0.33009999999997997 0.22499999999999154 0.4449000000000285
410 0.33289999999997966 0.22599999999999143 0.4411000000000289
411 0.33669999999997924 0.220699999999992 0.44260000000002875
412 0.34199999999997865 0.21769999999999234 0.440300000000029
413 0.3379999999999791 0.22599999999999143 0.4360000000000295
414 0.3359999999999793 0.22219999999999185 0.44180000000002884
415 0.3424999999999786 0.2217999999999919 0.4357000000000295
416 0.3322999999999797 0.22419999999999163 0.44350000000002865
417 0.33469999999997946 0.22469999999999157 0.44060000000002897
418 0.33379999999997956 0.2271999999999913 0.43900000000002914
419 0.3381999999999791 0.2261999999999914 0.4356000000000295
420 0.3341999999999795 0.229899999999991 0.4359000000000295
421 0.3360999999999793 0.2243999999999916 0.4395000000000291
422 0.3307999999999799 0.2226999999999918 0.4465000000000283
423 0.33459999999997947 0.2234999999999917 0.4419000000000288
424 0.3344999999999795 0.2199999999999921 0.44550000000002843
425 0.33939999999997894 0.2126999999999929 0.44790000000002816
426 0.3487999999999779 0.2098999999999932 0.4413000000000289
427 0.35199999999997755 0.21299999999999286 0.4350000000000296
428 0.34129999999997873 0.22549999999999149 0.4332000000000298
429 0.33929999999997895 0.2252999999999915 0.43540000000002954
430 0.3379999999999791 0.22029999999999206 0.44170000000002885
431 0.33039999999997993 0.21919999999999218 0.4504000000000279
432 0.3316999999999798 0.22139999999999194 0.4469000000000283
433 0.3317999999999798 0.22209999999999186 0.44610000000002836
434 0.33649999999997926 0.22649999999999137 0.43700000000002936
435 0.3325999999999797 0.2315999999999908 0.4358000000000295
436 0.31939999999998114 0.23029999999999096 0.4503000000000279
437 0.31569999999998155 0.22669999999999135 0.4576000000000271
438 0.32679999999998033 0.21959999999999213 0.45360000000002754
439 0.34459999999997837 0.2108999999999931 0.44450000000002854
440 0.35399999999997733 0.21589999999999254 0.4301000000000301
441 0.34939999999997784 0.22109999999999197 0.4295000000000302
442 0.3442999999999784 0.229799999999991 0.4259000000000306
443 0.3395999999999789 0.23109999999999087 0.4293000000000302
444 0.32939999999998004 0.2371999999999902 0.43340000000002976
445 0.33109999999997985 0.2280999999999912 0.44080000000002895
446 0.32659999999998035 0.23109999999999087 0.4423000000000288
447 0.3133999999999818 0.23699999999999022 0.449600000000028
448 0.3160999999999815 0.23309999999999065 0.45080000000002785
449 0.3199999999999811 0.2306999999999909 0.449300000000028
450 0.3315999999999798 0.2253999999999915 0.4430000000000287
451 0.33299999999997965 0.22239999999999183 0.44460000000002853
452 0.33669999999997924 0.21829999999999228 0.4450000000000285
453 0.3414999999999787 0.2179999999999923 0.440500000000029
454 0.33949999999997893 0.220899999999992 0.4396000000000291
455 0.3340999999999795 0.229799999999991 0.43610000000002946
456 0.33099999999997987 0.2244999999999916 0.44450000000002854
457 0.3279999999999802 0.2252999999999915 0.4467000000000283
458 0.3278999999999802 0.21959999999999213 0.45250000000002766
459 0.32829999999998016 0.2188999999999922 0.4528000000000276
460 0.33739999999997916 0.2181999999999923 0.44440000000002855
461 0.338799999999979 0.21769999999999234 0.44350000000002865
462 0.3324999999999797 0.22519999999999152 0.4423000000000288
463 0.33659999999997925 0.2216999999999919 0.44170000000002885
464 0.33309999999997963 0.22099999999999198 0.4459000000000284
465 0.3263999999999804 0.2262999999999914 0.44730000000002823
466 0.32999999999998 0.22789999999999122 0.4421000000000288
467 0.33129999999997983 0.2179999999999923 0.45070000000002786
468 0.32839999999998015 0.21869999999999223 0.4529000000000276
469 0.3335999999999796 0.2198999999999921 0.4465000000000283
470 0.33029999999997994 0.22249999999999182 0.44720000000002824
471 0.3290999999999801 0.22239999999999183 0.4485000000000281
472 0.3235999999999807 0.22589999999999144 0.4505000000000279
473 0.3214999999999809 0.22669999999999135 0.45180000000002773
474 0.3243999999999806 0.22589999999999144 0.44970000000002797
475 0.33289999999997966 0.22059999999999202 0.4465000000000283
476 0.32929999999998005 0.2243999999999916 0.44630000000002834
477 0.3351999999999794 0.22669999999999135 0.43810000000002924
478 0.33299999999997965 0.2252999999999915 0.44170000000002885
479 0.32569999999998045 0.22689999999999133 0.4474000000000282
480 0.3304999999999799 0.22459999999999158 0.4449000000000285
481 0.3324999999999797 0.22099999999999198 0.4465000000000283
482 0.33469999999997946 0.22209999999999186 0.4432000000000287
483 0.33379999999997956 0.2190999999999922 0.44710000000002825
484 0.34549999999997827 0.21469999999999267 0.43980000000002906
485 0.338999999999979 0.2189999999999922 0.4420000000000288
486 0.34489999999997834 0.21219999999999295 0.4429000000000287
487 0.34099999999997876 0.220799999999992 0.43820000000002923
488 0.34739999999997806 0.21759999999999236 0.4350000000000296
489 0.34559999999997826 0.21699999999999242 0.4374000000000293
490 0.34219999999997863 0.21859999999999224 0.4392000000000291
491 0.3435999999999785 0.2144999999999927 0.4419000000000288
492 0.34389999999997845 0.22119999999999196 0.4349000000000296
493 0.33749999999997915 0.2262999999999914 0.43620000000002945
494 0.3432999999999785 0.2143999999999927 0.4423000000000288
495 0.3470999999999781 0.2163999999999925 0.4365000000000294
496 0.34099999999997876 0.22409999999999164 0.4349000000000296
497 0.3408999999999788 0.22029999999999206 0.43880000000002917
498 0.3395999999999789 0.211699999999993 0.4487000000000281
499 0.33469999999997946 0.220899999999992 0.44440000000002855
500 0.3414999999999787 0.2143999999999927 0.4441000000000286
501 0.34919999999997786 0.20759999999999346 0.4432000000000287
502 0.34469999999997836 0.21409999999999274 0.4412000000000289
503 0.3424999999999786 0.21559999999999258 0.4419000000000288
504 0.3414999999999787 0.2135999999999928 0.4449000000000285
505 0.33739999999997916 0.220699999999992 0.4419000000000288
506 0.33839999999997905 0.21939999999999216 0.4422000000000288
507 0.3381999999999791 0.22099999999999198 0.44080000000002895
508 0.3332999999999796 0.22239999999999183 0.44430000000002856
509 0.33379999999997956 0.22589999999999144 0.440300000000029
510 0.33299999999997965 0.22049999999999204 0.4465000000000283
511 0.32959999999998 0.22559999999999147 0.4448000000000285
512 0.33109999999997985 0.22389999999999166 0.4450000000000285
513 0.33019999999997995 0.22409999999999164 0.4457000000000284
514 0.3368999999999792 0.21949999999999215 0.44360000000002864
515 0.3432999999999785 0.21119999999999306 0.44550000000002843
516 0.34659999999997815 0.21039999999999315 0.4430000000000287
517 0.34919999999997786 0.2099999999999932 0.44080000000002895
518 0.3450999999999783 0.211799999999993 0.4431000000000287
519 0.34939999999997784 0.21039999999999315 0.440200000000029
520 0.34459999999997837 0.21829999999999228 0.43710000000002935
521 0.3408999999999788 0.21859999999999224 0.440500000000029
522 0.33759999999997914 0.22589999999999144 0.4365000000000294
523 0.3323999999999797 0.23399999999999055 0.43360000000002974
524 0.32309999999998074 0.2307999999999909 0.44610000000002836
525 0.32919999999998006 0.22199999999999187 0.44880000000002807
526 0.32989999999998 0.21929999999999217 0.45080000000002785
527 0.33189999999997977 0.2243999999999916 0.4437000000000286
528 0.3343999999999795 0.22039999999999205 0.44520000000002846
529 0.3342999999999795 0.22279999999999178 0.4429000000000287
530 0.338799999999979 0.21969999999999212 0.44150000000002887
531 0.3399999999999789 0.22399999999999165 0.4360000000000295
532 0.3423999999999786 0.2243999999999916 0.4332000000000298
533 0.3349999999999794 0.23209999999999076 0.4329000000000298
534 0.32989999999998 0.22769999999999124 0.44240000000002877
535 0.33209999999997974 0.2217999999999919 0.44610000000002836
536 0.3404999999999788 0.22149999999999193 0.43800000000002925
537 0.3406999999999788 0.21779999999999233 0.44150000000002887
538 0.34289999999997856 0.2234999999999917 0.43360000000002974
539 0.33549999999997937 0.2271999999999913 0.43730000000002933
540 0.3349999999999794 0.22229999999999184 0.44270000000002874
541 0.3314999999999798 0.22109999999999197 0.4474000000000282
542 0.33119999999997984 0.2252999999999915 0.44350000000002865
543 0.32769999999998023 0.22769999999999124 0.44460000000002853
544 0.33039999999997993 0.22579999999999145 0.4438000000000286
545 0.32769999999998023 0.22579999999999145 0.4465000000000283
546 0.3317999999999798 0.22279999999999178 0.44540000000002844
547 0.32949999999998003 0.22479999999999156 0.4457000000000284
548 0.33649999999997926 0.2262999999999914 0.43720000000002934
549 0.33199999999997976 0.23409999999999054 0.4339000000000297
550 0.32979999999998 0.22879999999999112 0.4414000000000289
551 0.32849999999998014 0.22959999999999103 0.4419000000000288
552 0.3368999999999792 0.2226999999999918 0.440400000000029
553 0.3360999999999793 0.22409999999999164 0.43980000000002906
554 0.3426999999999786 0.220899999999992 0.43640000000002943
555 0.33859999999997903 0.2163999999999925 0.4450000000000285
556 0.3359999999999793 0.2190999999999922 0.4449000000000285
557 0.3397999999999789 0.2154999999999926 0.4447000000000285
558 0.33749999999997915 0.2216999999999919 0.44080000000002895
559 0.34019999999997885 0.21679999999999244 0.4430000000000287
560 0.34669999999997814 0.21099999999999308 0.4423000000000288
561 0.3517999999999776 0.21209999999999296 0.43610000000002946
562 0.3522999999999775 0.21189999999999298 0.4358000000000295
563 0.34949999999997783 0.2153999999999926 0.4351000000000296
564 0.34939999999997784 0.21069999999999312 0.43990000000002905
565 0.35109999999997765 0.21139999999999304 0.4375000000000293
566 0.34749999999997805 0.21459999999999269 0.43790000000002927
567 0.3459999999999782 0.220799999999992 0.4332000000000298
568 0.3423999999999786 0.22009999999999208 0.4375000000000293
569 0.34099999999997876 0.2217999999999919 0.43720000000002934
570 0.3334999999999796 0.229999999999991 0.4365000000000294
571 0.33749999999997915 0.22309999999999175 0.4394000000000291
572 0.32959999999998 0.22699999999999132 0.44340000000002866
573 0.32839999999998015 0.2197999999999921 0.45180000000002773
574 0.3332999999999796 0.2181999999999923 0.4485000000000281
575 0.3358999999999793 0.220899999999992 0.4432000000000287
576 0.34299999999997854 0.22369999999999168 0.4333000000000298
577 0.32949999999998003 0.2352999999999904 0.43520000000002956
578 0.3223999999999808 0.23669999999999025 0.44090000000002894
579 0.3286999999999801 0.23119999999999086 0.440100000000029
580 0.32309999999998074 0.2307999999999909 0.44610000000002836
581 0.32769999999998023 0.22419999999999163 0.44810000000002814
582 0.3361999999999793 0.22099999999999198 0.4428000000000287
583 0.3323999999999797 0.22469999999999157 0.4429000000000287
584 0.33649999999997926 0.22309999999999175 0.440400000000029
585 0.34019999999997885 0.22009999999999208 0.43970000000002907
586 0.34289999999997856 0.21279999999999288 0.44430000000002856
587 0.339099999999979 0.21109999999999307 0.44980000000002796
588 0.3422999999999786 0.2107999999999931 0.4469000000000283
589 0.34299999999997854 0.2152999999999926 0.44170000000002885
590 0.34639999999997817 0.2079999999999934 0.4456000000000284
591 0.3553999999999772 0.20929999999999327 0.43530000000002955
592 0.3515999999999776 0.21319999999999284 0.43520000000002956
593 0.35289999999997745 0.2152999999999926 0.43180000000002994
594 0.3517999999999776 0.21759999999999236 0.43060000000003007
595 0.34549999999997827 0.2199999999999921 0.43450000000002964
596 0.34559999999997826 0.2217999999999919 0.43260000000002985
597 0.3395999999999789 0.2252999999999915 0.4351000000000296
598 0.3353999999999794 0.22589999999999144 0.4387000000000292
599 0.33849999999997904 0.220799999999992 0.44070000000002896
600 0.34109999999997875 0.2153999999999926 0.44350000000002865
601 0.33919999999997896 0.21489999999999265 0.4459000000000284
602 0.3440999999999784 0.2089999999999933 0.4469000000000283
603 0.3489999999999779 0.20959999999999324 0.4414000000000289
604 0.3507999999999777 0.21219999999999295 0.43700000000002936
605 0.3468999999999781 0.21839999999999227 0.4347000000000296
606 0.3415999999999787 0.22149999999999193 0.4369000000000294
607 0.34289999999997856 0.22309999999999175 0.4340000000000297
608 0.34129999999997873 0.22569999999999146 0.4330000000000298
609 0.33119999999997984 0.2197999999999921 0.44900000000002804
610 0.3307999999999799 0.2188999999999922 0.4503000000000279
611 0.3353999999999794 0.220799999999992 0.4438000000000286
612 0.32569999999998045 0.22699999999999132 0.44730000000002823
613 0.3349999999999794 0.21559999999999258 0.449400000000028
614 0.34019999999997885 0.2163999999999925 0.44340000000002866
615 0.34209999999997864 0.21649999999999248 0.4414000000000289
616 0.3449999999999783 0.2152999999999926 0.43970000000002907
617 0.34119999999997874 0.2181999999999923 0.44060000000002897
618 0.34209999999997864 0.21599999999999253 0.4419000000000288
619 0.3415999999999787 0.21489999999999265 0.44350000000002865
620 0.3432999999999785 0.21879999999999222 0.43790000000002927
621 0.34309999999997853 0.2189999999999922 0.43790000000002927
622 0.338899999999979 0.22219999999999185 0.43890000000002916
623 0.33469999999997946 0.2225999999999918 0.44270000000002874
624 0.33289999999997966 0.22389999999999166 0.4432000000000287
625 0.3286999999999801 0.22319999999999174 0.44810000000002814
626 0.33009999999997997 0.2217999999999919 0.44810000000002814
627 0.33099999999997987 0.22019999999999207 0.44880000000002807
628 0.33019999999997995 0.22209999999999186 0.4477000000000282
629 0.33199999999997976 0.2226999999999918 0.44530000000002845
630 0.3405999999999788 0.21779999999999233 0.44160000000002886
631 0.33829999999997906 0.2171999999999924 0.44450000000002854
632 0.3377999999999791 0.21839999999999227 0.4438000000000286
633 0.32649999999998036 0.22599999999999143 0.4475000000000282
634 0.33299999999997965 0.21839999999999227 0.4486000000000281
635 0.3369999999999792 0.2144999999999927 0.4485000000000281
636 0.34379999999997846 0.21579999999999255 0.440400000000029
637 0.34759999999997804 0.21389999999999276 0.4385000000000292
638 0.34659999999997815 0.2179999999999923 0.43540000000002954
639 0.33929999999997895 0.2226999999999918 0.43800000000002925
640 0.33859999999997903 0.21939999999999216 0.4420000000000288
641 0.3316999999999798 0.22209999999999186 0.44620000000002835
642 0.33109999999997985 0.22419999999999163 0.4447000000000285
643 0.3370999999999792 0.22609999999999142 0.4368000000000294
644 0.3352999999999794 0.22609999999999142 0.4386000000000292
645 0.32569999999998045 0.23119999999999086 0.4431000000000287
646 0.3271999999999803 0.2308999999999909 0.4419000000000288
647 0.32119999999998095 0.2306999999999909 0.44810000000002814
648 0.32739999999998026 0.2307999999999909 0.44180000000002884
649 0.32959999999998 0.22639999999999139 0.4440000000000286
650 0.3335999999999796 0.22049999999999204 0.4459000000000284
651 0.3308999999999799 0.22149999999999193 0.4476000000000282
652 0.3368999999999792 0.220899999999992 0.4422000000000288
653 0.33829999999997906 0.22389999999999166 0.4378000000000293
654 0.3334999999999796 0.2244999999999916 0.4420000000000288
655 0.3313999999999798 0.22579999999999145 0.4428000000000287
656 0.33649999999997926 0.22209999999999186 0.4414000000000289
657 0.3369999999999792 0.2253999999999915 0.4376000000000293
658 0.33949999999997893 0.2171999999999924 0.44330000000002867
659 0.3398999999999789 0.21879999999999222 0.4413000000000289
660 0.33469999999997946 0.22319999999999174 0.4421000000000288
661 0.3396999999999789 0.2189999999999922 0.4413000000000289
662 0.33829999999997906 0.2226999999999918 0.43900000000002914
663 0.3335999999999796 0.2217999999999919 0.44460000000002853
664 0.33579999999997934 0.22229999999999184 0.4419000000000288
665 0.33569999999997935 0.21949999999999215 0.4448000000000285
666 0.3377999999999791 0.21459999999999269 0.4476000000000282
667 0.3489999999999779 0.20929999999999327 0.44170000000002885
668 0.35389999999997734 0.20949999999999325 0.4366000000000294
669 0.3576999999999769 0.21279999999999288 0.4295000000000302
670 0.35649999999997706 0.21669999999999245 0.4268000000000305
671 0.34479999999997835 0.22769999999999124 0.4275000000000304
672 0.34189999999997867 0.22699999999999132 0.43110000000003
673 0.3381999999999791 0.2216999999999919 0.440100000000029
674 0.33549999999997937 0.22649999999999137 0.43800000000002925
675 0.3217999999999809 0.22969999999999102 0.4485000000000281
676 0.3143999999999817 0.23429999999999052 0.4513000000000278
677 0.320899999999981 0.22429999999999162 0.4548000000000274
678 0.32479999999998055 0.2234999999999917 0.45170000000002775
679 0.32379999999998066 0.22239999999999183 0.4538000000000275
680 0.3253999999999805 0.22589999999999144 0.4487000000000281
681 0.32849999999998014 0.220899999999992 0.45060000000002787
682 0.3335999999999796 0.2180999999999923 0.4483000000000281
683 0.338999999999979 0.21309999999999285 0.44790000000002816
684 0.3431999999999785 0.21299999999999286 0.4438000000000286
685 0.3415999999999787 0.2163999999999925 0.4420000000000288
686 0.3435999999999785 0.22339999999999172 0.4330000000000298
687 0.34189999999997867 0.22339999999999172 0.4347000000000296
688 0.3370999999999792 0.22029999999999206 0.44260000000002875
689 0.33839999999997905 0.21759999999999236 0.4440000000000286
690 0.347999999999978 0.2126999999999929 0.4393000000000291
691 0.34929999999997785 0.2189999999999922 0.43170000000002995
692 0.348099999999978 0.21409999999999274 0.4378000000000293
693 0.34669999999997814 0.21679999999999244 0.4365000000000294
694 0.347699999999978 0.21589999999999254 0.43640000000002943
695 0.34939999999997784 0.2126999999999929 0.43790000000002927
696 0.35039999999997773 0.21209999999999296 0.4375000000000293
697 0.3498999999999778 0.21739999999999238 0.43270000000002984
698 0.34559999999997826 0.22199999999999187 0.43240000000002987
699 0.3396999999999789 0.22679999999999134 0.43350000000002975
700 0.33209999999997974 0.2307999999999909 0.43710000000002935
701 0.3290999999999801 0.23379999999999057 0.43710000000002935
702 0.3188999999999812 0.24039999999998984 0.44070000000002896
703 0.30929999999998226 0.23569999999999036 0.4550000000000274
704 0.3179999999999813 0.2243999999999916 0.4576000000000271
705 0.32399999999998064 0.21839999999999227 0.4576000000000271
706 0.33399999999997954 0.21209999999999296 0.4539000000000275
707 0.3425999999999786 0.21119999999999306 0.44620000000002835
708 0.35739999999997696 0.19949999999999435 0.4431000000000287
709 0.35559999999997716 0.20569999999999367 0.4387000000000292
710 0.35119999999997764 0.2108999999999931 0.43790000000002927
711 0.3550999999999772 0.20499999999999374 0.43990000000002905
712 0.356899999999977 0.20779999999999343 0.43530000000002955
713 0.3667999999999759 0.20779999999999343 0.42540000000003064
714 0.36389999999997624 0.21329999999999283 0.42280000000003093
715 0.356799999999977 0.21579999999999255 0.4274000000000304
716 0.35199999999997755 0.21479999999999266 0.4332000000000298
717 0.35099999999997766 0.21779999999999233 0.43120000000003
718 0.3550999999999772 0.21739999999999238 0.4275000000000304
719 0.3516999999999776 0.2153999999999926 0.4329000000000298
720 0.35209999999997754 0.21779999999999233 0.4301000000000301
721 0.35759999999997694 0.21659999999999247 0.4258000000000306
722 0.3613999999999765 0.21109999999999307 0.4275000000000304
723 0.3652999999999761 0.21019999999999317 0.42450000000003074
724 0.3587999999999768 0.21789999999999232 0.4233000000000309
725 0.3467999999999781 0.22059999999999202 0.43260000000002985
726 0.34559999999997826 0.2163999999999925 0.43800000000002925
727 0.3379999999999791 0.22109999999999197 0.44090000000002894
728 0.33739999999997916 0.22039999999999205 0.4422000000000288
729 0.3379999999999791 0.2154999999999926 0.4465000000000283
730 0.33839999999997905 0.21469999999999267 0.4469000000000283
731 0.34219999999997863 0.20969999999999323 0.44810000000002814
732 0.3431999999999785 0.2080999999999934 0.4487000000000281
733 0.3399999999999789 0.21479999999999266 0.44520000000002846
734 0.348099999999978 0.21039999999999315 0.44150000000002887
735 0.34639999999997817 0.21839999999999227 0.43520000000002956
736 0.3433999999999785 0.21779999999999233 0.43880000000002917
737 0.3406999999999788 0.2226999999999918 0.4366000000000294
738 0.34749999999997805 0.2197999999999921 0.43270000000002984
739 0.3417999999999787 0.22649999999999137 0.43170000000002995
740 0.33939999999997894 0.23009999999999098 0.4305000000000301
741 0.3315999999999798 0.23599999999999033 0.43240000000002987
742 0.3332999999999796 0.23129999999999085 0.43540000000002954
743 0.3269999999999803 0.22589999999999144 0.44710000000002825
744 0.3369999999999792 0.21369999999999278 0.449300000000028
745 0.3358999999999793 0.22649999999999137 0.4376000000000293
746 0.338999999999979 0.22429999999999162 0.4367000000000294
747 0.3405999999999788 0.22309999999999175 0.43630000000002944
748 0.3359999999999793 0.2288999999999911 0.4351000000000296
749 0.3352999999999794 0.2226999999999918 0.4420000000000288
750 0.3367999999999792 0.21469999999999267 0.4485000000000281
751 0.33469999999997946 0.22509999999999153 0.440200000000029
752 0.3334999999999796 0.22379999999999167 0.44270000000002874
753 0.3241999999999806 0.23289999999999067 0.4429000000000287
754 0.32369999999998067 0.23319999999999064 0.4431000000000287
755 0.32389999999998065 0.22829999999999118 0.4478000000000282
756 0.3232999999999807 0.22609999999999142 0.45060000000002787
757 0.32039999999998103 0.22609999999999142 0.45350000000002755
758 0.31849999999998124 0.22689999999999133 0.4546000000000274
759 0.3180999999999813 0.22339999999999172 0.458500000000027
760 0.3251999999999805 0.21789999999999232 0.4569000000000272
761 0.33029999999997994 0.2152999999999926 0.45440000000002745
762 0.3308999999999799 0.21409999999999274 0.4550000000000274
763 0.3325999999999797 0.21659999999999247 0.45080000000002785
764 0.33469999999997946 0.2144999999999927 0.45080000000002785
765 0.3379999999999791 0.2135999999999928 0.4484000000000281
766 0.3434999999999785 0.21599999999999253 0.440500000000029
767 0.3441999999999784 0.22109999999999197 0.4347000000000296
768 0.34019999999997885 0.22159999999999191 0.43820000000002923
769 0.3361999999999793 0.2272999999999913 0.4365000000000294
770 0.3305999999999799 0.23329999999999063 0.43610000000002946
771 0.32379999999998066 0.22829999999999118 0.44790000000002816
772 0.32399999999998064 0.22769999999999124 0.4483000000000281
773 0.3316999999999798 0.21459999999999269 0.4537000000000275
774 0.3333999999999796 0.21949999999999215 0.44710000000002825
775 0.3343999999999795 0.22219999999999185 0.44340000000002866
776 0.3378999999999791 0.220699999999992 0.4414000000000289
777 0.3380999999999791 0.21509999999999263 0.4468000000000283
778 0.3361999999999793 0.22189999999999188 0.4419000000000288
779 0.33289999999997966 0.22009999999999208 0.44700000000002826
780 0.33019999999997995 0.22409999999999164 0.4457000000000284
781 0.33279999999997967 0.22789999999999122 0.4393000000000291
782 0.3277999999999802 0.23139999999999084 0.44080000000002895
783 0.320899999999981 0.23869999999999003 0.440400000000029
784 0.3189999999999812 0.22609999999999142 0.4549000000000274
785 0.32669999999998034 0.22249999999999182 0.45080000000002785
786 0.3272999999999803 0.21739999999999238 0.45530000000002735
787 0.32999999999998 0.2197999999999921 0.4502000000000279
788 0.33119999999997984 0.2226999999999918 0.44610000000002836
789 0.3333999999999796 0.22569999999999146 0.44090000000002894
790 0.32289999999998076 0.229999999999991 0.44710000000002825
791 0.32279999999998077 0.2216999999999919 0.4555000000000273
792 0.32279999999998077 0.22189999999999188 0.45530000000002735
793 0.3322999999999797 0.21129999999999305 0.45640000000002723
794 0.34309999999997853 0.2098999999999932 0.44700000000002826
795 0.3461999999999782 0.2152999999999926 0.4385000000000292
796 0.34029999999997884 0.2252999999999915 0.43440000000002965
797 0.3343999999999795 0.229899999999991 0.4357000000000295
798 0.3323999999999797 0.23129999999999085 0.43630000000002944
799 0.33279999999997967 0.22429999999999162 0.4429000000000287
800 0.3335999999999796 0.21919999999999218 0.44720000000002824
801 0.3272999999999803 0.22649999999999137 0.44620000000002835
802 0.32459999999998057 0.22789999999999122 0.4475000000000282
803 0.32199999999998086 0.22599999999999143 0.4520000000000277
804 0.32929999999998005 0.22309999999999175 0.4476000000000282
805 0.33219999999997973 0.21669999999999245 0.4511000000000278
806 0.3306999999999799 0.22119999999999196 0.44810000000002814
807 0.3306999999999799 0.21839999999999227 0.45090000000002783
808 0.34299999999997854 0.20679999999999354 0.4502000000000279
809 0.3513999999999776 0.2072999999999935 0.4413000000000289
810 0.3535999999999774 0.20929999999999327 0.43710000000002935
811 0.3515999999999776 0.21789999999999232 0.4305000000000301
812 0.34919999999997786 0.2153999999999926 0.43540000000002954
813 0.34399999999997843 0.21969999999999212 0.43630000000002944
814 0.34019999999997885 0.22749999999999126 0.4323000000000299
815 0.3304999999999799 0.23189999999999078 0.4376000000000293
816 0.3240999999999806 0.2253999999999915 0.4505000000000279
817 0.33209999999997974 0.2152999999999926 0.45260000000002765
818 0.3326999999999797 0.21849999999999226 0.44880000000002807
819 0.32999999999998 0.22029999999999206 0.44970000000002797
820 0.33579999999997934 0.2226999999999918 0.44150000000002887
821 0.34129999999997873 0.21679999999999244 0.4419000000000288
822 0.3441999999999784 0.2171999999999924 0.4386000000000292
823 0.33669999999997924 0.22579999999999145 0.4375000000000293
824 0.3280999999999802 0.2279999999999912 0.4439000000000286
825 0.32849999999998014 0.22749999999999126 0.4440000000000286
826 0.3278999999999802 0.22759999999999125 0.44450000000002854
827 0.32679999999998033 0.22939999999999106 0.4438000000000286
828 0.32399999999998064 0.2317999999999908 0.44420000000002857
829 0.31399999999998174 0.23909999999999 0.4469000000000283
830 0.3151999999999816 0.23369999999999058 0.4511000000000278
831 0.31679999999998143 0.22779999999999123 0.45540000000002734
832 0.31929999999998115 0.23029999999999096 0.4504000000000279
833 0.32099999999998097 0.22609999999999142 0.4529000000000276
834 0.3217999999999809 0.22029999999999206 0.45790000000002706
835 0.3252999999999805 0.22059999999999202 0.4541000000000275
836 0.3287999999999801 0.21779999999999233 0.45340000000002756
837 0.3361999999999793 0.2135999999999928 0.4502000000000279
838 0.3341999999999795 0.21949999999999215 0.44630000000002834
839 0.3378999999999791 0.2190999999999922 0.4430000000000287
840 0.3326999999999797 0.21859999999999224 0.4487000000000281
841 0.3380999999999791 0.21659999999999247 0.44530000000002845
842 0.33839999999997905 0.21669999999999245 0.4449000000000285
843 0.34399999999997843 0.2108999999999931 0.4451000000000285
844 0.34749999999997805 0.21189999999999298 0.44060000000002897
845 0.3485999999999779 0.21479999999999266 0.4366000000000294
846 0.3469999999999781 0.21849999999999226 0.43450000000002964
847 0.3496999999999778 0.21099999999999308 0.4393000000000291
848 0.34389999999997845 0.21509999999999263 0.4410000000000289
849 0.3405999999999788 0.21959999999999213 0.43980000000002906
850 0.3398999999999789 0.21749999999999237 0.44260000000002875
851 0.33939999999997894 0.2161999999999925 0.44440000000002855
852 0.3434999999999785 0.21499999999999264 0.44150000000002887
853 0.33759999999997914 0.21829999999999228 0.4441000000000286
854 0.33749999999997915 0.21959999999999213 0.4429000000000287
855 0.3408999999999788 0.21459999999999269 0.44450000000002854
856 0.3407999999999788 0.22639999999999139 0.4328000000000298
857 0.33859999999997903 0.22489999999999155 0.4365000000000294
858 0.338899999999979 0.2197999999999921 0.4413000000000289
859 0.33729999999997917 0.21589999999999254 0.4468000000000283
860 0.338899999999979 0.2189999999999922 0.4421000000000288
861 0.3351999999999794 0.220899999999992 0.4439000000000286
862 0.3331999999999796 0.21879999999999222 0.44800000000002815
863 0.3396999999999789 0.2154999999999926 0.4448000000000285
864 0.3458999999999782 0.20759999999999346 0.4465000000000283
865 0.3504999999999777 0.20679999999999354 0.44270000000002874
866 0.35209999999997754 0.2072999999999935 0.44060000000002897
867 0.3534999999999774 0.2081999999999934 0.4383000000000292
868 0.3489999999999779 0.21859999999999224 0.43240000000002987
869 0.3469999999999781 0.23029999999999096 0.42270000000003094
870 0.32979999999998 0.24119999999998976 0.42900000000003025
871 0.320499999999981 0.23509999999999043 0.44440000000002855
872 0.32009999999998107 0.23289999999999067 0.44700000000002826
873 0.32209999999998085 0.23289999999999067 0.4450000000000285
874 0.32309999999998074 0.2253999999999915 0.45150000000002777
875 0.3215999999999809 0.2244999999999916 0.4539000000000275
876 0.32859999999998013 0.22239999999999183 0.44900000000002804
877 0.3278999999999802 0.2281999999999912 0.4439000000000286
878 0.3313999999999798 0.22339999999999172 0.44520000000002846
879 0.3349999999999794 0.22369999999999168 0.4413000000000289
880 0.32989999999998 0.2217999999999919 0.4483000000000281
881 0.3268999999999803 0.2226999999999918 0.4504000000000279
882 0.3314999999999798 0.21759999999999236 0.45090000000002783
883 0.33579999999997934 0.21789999999999232 0.44630000000002834
884 0.33369999999997957 0.22399999999999165 0.4423000000000288
885 0.33129999999997983 0.23329999999999063 0.43540000000002954
886 0.3271999999999803 0.23469999999999047 0.43810000000002924
887 0.3150999999999816 0.23459999999999048 0.4503000000000279
888 0.31929999999998115 0.22759999999999125 0.4531000000000276
889 0.3188999999999812 0.2190999999999922 0.4620000000000266
890 0.32669999999998034 0.21839999999999227 0.4549000000000274
891 0.32679999999998033 0.2170999999999924 0.45610000000002726
892 0.33199999999997976 0.20879999999999332 0.4592000000000269
893 0.3486999999999779 0.2044999999999938 0.4468000000000283
894 0.34919999999997786 0.21499999999999264 0.4358000000000295
895 0.3468999999999781 0.21829999999999228 0.4348000000000296
896 0.34489999999997834 0.22219999999999185 0.4329000000000298
897 0.3398999999999789 0.21879999999999222 0.4413000000000289
898 0.34459999999997837 0.21569999999999256 0.43970000000002907
899 0.34399999999997843 0.21859999999999224 0.4374000000000293
900 0.3450999999999783 0.2199999999999921 0.4349000000000296
901 0.3525999999999775 0.2061999999999936 0.4412000000000289
902 0.3523999999999775 0.2125999999999929 0.4350000000000296
903 0.36009999999997666 0.21339999999999282 0.4265000000000305
904 0.3544999999999773 0.22189999999999188 0.42360000000003084
905 0.34039999999997883 0.22769999999999124 0.4319000000000299
906 0.33459999999997947 0.23099999999999088 0.43440000000002965
907 0.3223999999999808 0.23379999999999057 0.4438000000000286
908 0.3197999999999811 0.2280999999999912 0.4521000000000277
909 0.3226999999999808 0.22289999999999177 0.45440000000002745
910 0.33549999999997937 0.21669999999999245 0.4478000000000282
911 0.33579999999997934 0.21679999999999244 0.4474000000000282
912 0.3471999999999781 0.20949999999999325 0.44330000000002867
913 0.35489999999997723 0.20569999999999367 0.4394000000000291
914 0.3542999999999773 0.21139999999999304 0.43430000000002966
915 0.34849999999997794 0.21329999999999283 0.43820000000002923
916 0.35289999999997745 0.21659999999999247 0.4305000000000301
917 0.347999999999978 0.22129999999999195 0.43070000000003006
918 0.347799999999978 0.22009999999999208 0.4321000000000299
919 0.3407999999999788 0.21969999999999212 0.4395000000000291
920 0.3405999999999788 0.22229999999999184 0.43710000000002935
921 0.347699999999978 0.2126999999999929 0.4396000000000291
922 0.3408999999999788 0.2161999999999925 0.4429000000000287
923 0.34459999999997837 0.21189999999999298 0.44350000000002865
924 0.3440999999999784 0.2108999999999931 0.4450000000000285
925 0.35119999999997764 0.20779999999999343 0.4410000000000289
926 0.35109999999997765 0.211699999999993 0.43720000000002934
927 0.34729999999997807 0.21149999999999303 0.4412000000000289
928 0.3432999999999785 0.2190999999999922 0.4376000000000293
929 0.3442999999999784 0.220899999999992 0.4348000000000296
930 0.3452999999999783 0.2199999999999921 0.4347000000000296
931 0.3414999999999787 0.22519999999999152 0.4333000000000298
932 0.33929999999997895 0.2244999999999916 0.43620000000002945
933 0.32929999999998005 0.2272999999999913 0.44340000000002866
934 0.33299999999997965 0.2261999999999914 0.44080000000002895
935 0.33189999999997977 0.2271999999999913 0.44090000000002894
936 0.33099999999997987 0.22649999999999137 0.44250000000002876
937 0.3277999999999802 0.22769999999999124 0.44450000000002854
938 0.3288999999999801 0.22239999999999183 0.4487000000000281
939 0.33929999999997895 0.22659999999999136 0.4341000000000297
940 0.33029999999997994 0.22779999999999123 0.4419000000000288
941 0.32399999999998064 0.22649999999999137 0.449500000000028
942 0.3251999999999805 0.22409999999999164 0.45070000000002786
943 0.32559999999998046 0.2279999999999912 0.44640000000002833
944 0.3288999999999801 0.23279999999999068 0.4383000000000292
945 0.32289999999998076 0.22919999999999108 0.44790000000002816
946 0.32459999999998057 0.23489999999999045 0.440500000000029
947 0.31569999999998155 0.23609999999999032 0.44820000000002813
948 0.32989999999998 0.2270999999999913 0.4430000000000287
949 0.33019999999997995 0.2252999999999915 0.44450000000002854
950 0.3307999999999799 0.2280999999999912 0.4411000000000289
951 0.3331999999999796 0.229799999999991 0.43700000000002936
952 0.3260999999999804 0.23109999999999087 0.4428000000000287
953 0.3233999999999807 0.229999999999991 0.4466000000000283
954 0.3195999999999811 0.23279999999999068 0.4476000000000282
955 0.3186999999999812 0.2326999999999907 0.4486000000000281
956 0.320599999999981 0.2262999999999914 0.4531000000000276
957 0.3244999999999806 0.21919999999999218 0.45630000000002724
958 0.3361999999999793 0.2153999999999926 0.4484000000000281
959 0.33549999999997937 0.21969999999999212 0.4448000000000285
960 0.3415999999999787 0.21459999999999269 0.4438000000000286
961 0.34759999999997804 0.21109999999999307 0.4413000000000289
962 0.34559999999997826 0.21509999999999263 0.4393000000000291
963 0.34399999999997843 0.2197999999999921 0.43620000000002945
964 0.3395999999999789 0.22159999999999191 0.43880000000002917
965 0.3358999999999793 0.22659999999999136 0.4375000000000293
966 0.3308999999999799 0.22489999999999155 0.44420000000002857
967 0.32849999999998014 0.22509999999999153 0.44640000000002833
968 0.3252999999999805 0.22929999999999107 0.44540000000002844
969 0.3253999999999805 0.22939999999999106 0.44520000000002846
970 0.3190999999999812 0.229899999999991 0.4510000000000278
971 0.3169999999999814 0.22649999999999137 0.4565000000000272
972 0.3260999999999804 0.2253999999999915 0.4485000000000281
973 0.33029999999997994 0.22239999999999183 0.44730000000002823
974 0.32669999999998034 0.21959999999999213 0.4537000000000275
975 0.3314999999999798 0.22059999999999202 0.44790000000002816
976 0.33209999999997974 0.21659999999999247 0.4513000000000278
977 0.32979999999998 0.2180999999999923 0.4521000000000277
978 0.3307999999999799 0.21669999999999245 0.45250000000002766
979 0.3395999999999789 0.21609999999999252 0.44430000000002856
980 0.33469999999997946 0.22379999999999167 0.44150000000002887
981 0.3350999999999794 0.22029999999999206 0.44460000000002853
982 0.34369999999997847 0.2171999999999924 0.43910000000002913
983 0.34309999999997853 0.21429999999999272 0.44260000000002875
984 0.34309999999997853 0.2144999999999927 0.44240000000002877
985 0.338699999999979 0.22119999999999196 0.440100000000029
986 0.3324999999999797 0.22279999999999178 0.4447000000000285
987 0.33859999999997903 0.2170999999999924 0.44430000000002856
988 0.34569999999997825 0.21499999999999264 0.4393000000000291
989 0.34669999999997814 0.21659999999999247 0.4367000000000294
990 0.3406999999999788 0.22389999999999166 0.43540000000002954
991 0.33839999999997905 0.2170999999999924 0.44450000000002854
992 0.339099999999979 0.2152999999999926 0.4456000000000284
993 0.33389999999997955 0.21739999999999238 0.4487000000000281
994 0.3508999999999777 0.20839999999999337 0.44070000000002896
995 0.3533999999999774 0.21039999999999315 0.43620000000002945
996 0.3531999999999774 0.211799999999993 0.4350000000000296
997 0.3449999999999783 0.21599999999999253 0.43900000000002914
998 0.347799999999978 0.2143999999999927 0.4378000000000293
999 0.3399999999999789 0.21849999999999226 0.44150000000002887
