0 0.3312 0.3336 0.3352
1 0.4949 0.2651 0.24
2 0.5884 0.2289 0.1827
3 0.6445 0.2047 0.1508
4 0.6795 0.1899 0.1306
5 0.708 0.1768 0.1152
6 0.7361 0.1578 0.1061
7 0.7539 0.1542 0.0919
8 0.7621 0.146 0.0919
9 0.7771 0.1365 0.0864
10 0.7858 0.1317 0.0825
11 0.7923 0.13 0.0777
12 0.7999 0.1251 0.075
13 0.8102 0.1174 0.0724
14 0.8179 0.1094 0.0727
15 0.8277 0.1044 0.0679
16 0.8401 0.0954 0.0645
17 0.8464 0.0928 0.0608
18 0.8497 0.0922 0.0581
19 0.8537 0.0918 0.0545
20 0.8565 0.0892 0.0543
21 0.8622 0.0851 0.0527
22 0.8616 0.0855 0.0529
23 0.8671 0.0837 0.0492
24 0.8711 0.0823 0.0466
25 0.8706 0.0801 0.0493
26 0.8722 0.0802 0.0476
27 0.8738 0.0792 0.047
28 0.8776 0.0752 0.0472
29 0.8857 0.0721 0.0422
30 0.8896 0.0712 0.0392
31 0.8883 0.0697 0.042
32 0.8945 0.0658 0.0397
33 0.8951 0.0665 0.0384
34 0.9003 0.0638 0.0359
35 0.9044 0.0632 0.0324
36 0.9023 0.0628 0.0349
37 0.9032 0.0593 0.0375
38 0.9097 0.0536 0.0367
39 0.9137 0.0545 0.0318
40 0.9203 0.0504 0.0293
41 0.9213 0.0501 0.0286
42 0.9207 0.0511 0.0282
43 0.9189 0.0506 0.0305
44 0.9205 0.0508 0.0287
45 0.9263 0.0444 0.0293
46 0.9327 0.042 0.0253
47 0.9361 0.0407 0.0232
48 0.9343 0.0416 0.0241
49 0.9341 0.0408 0.0251
50 0.9397 0.0368 0.0235
51 0.9414 0.0372 0.0214
52 0.9395 0.0389 0.0216
53 0.9402 0.0373 0.0225
54 0.9415 0.0384 0.0201
55 0.9379 0.0391 0.023
56 0.9392 0.0384 0.0224
57 0.9412 0.0372 0.0216
58 0.9436 0.0351 0.0213
59 0.9424 0.0353 0.0223
60 0.9446 0.0349 0.0205
61 0.9463 0.0345 0.0192
62 0.9429 0.0364 0.0207
63 0.9469 0.0328 0.0203
64 0.9505 0.0316 0.0179
65 0.9476 0.0338 0.0186
66 0.9481 0.0335 0.0184
67 0.9481 0.0325 0.0194
68 0.9496 0.0307 0.0197
69 0.9509 0.0288 0.0203
70 0.9526 0.0269 0.0205
71 0.9554 0.0277 0.0169
72 0.9543 0.029 0.0167
73 0.9539 0.0292 0.0169
74 0.9553 0.0272 0.0175
75 0.9558 0.0272 0.017
76 0.9548 0.0301 0.0151
77 0.9529 0.0313 0.0158
78 0.9553 0.0287 0.016
79 0.9566 0.0279 0.0155
80 0.9571 0.0271 0.0158
81 0.9579 0.0268 0.0153
82 0.9576 0.027 0.0154
83 0.9577 0.0253 0.017
84 0.9615 0.0215 0.017
85 0.9658 0.0207 0.0135
86 0.9674 0.0208 0.0118
87 0.9679 0.0201 0.012
88 0.9672 0.02 0.0128
89 0.9701 0.0181 0.0118
90 0.9702 0.0187 0.0111
91 0.9707 0.018 0.0113
92 0.9705 0.0183 0.0112
93 0.9706 0.0181 0.0113
94 0.9717 0.0182 0.0101
95 0.9723 0.0168 0.0109
96 0.9746 0.0166 0.0088
97 0.9745 0.016 0.0095
98 0.9754 0.0151 0.0095
99 0.9741 0.0151 0.0108
100 0.9767 0.0144 0.0089
101 0.9782 0.014 0.0078
102 0.9796 0.0142 0.0062
103 0.9792 0.0138 0.007
104 0.9797 0.0114 0.0089
105 0.9826 0.0104 0.007
106 0.9819 0.0121 0.006
107 0.9825 0.0122 0.0053
108 0.9826 0.0117 0.0057
109 0.9825 0.0111 0.0064
110 0.9822 0.0119 0.0059
111 0.9834 0.0104 0.0062
112 0.9852 0.0085 0.0063
113 0.9854 0.0091 0.0055
114 0.9862 0.0079 0.0059
115 0.9872 0.0072 0.0056
116 0.9864 0.0095 0.0041
117 0.9851 0.0104 0.0045
118 0.9858 0.0091 0.0051
119 0.9861 0.0089 0.005
120 0.9862 0.0076 0.0062
121 0.9872 0.0077 0.0051
122 0.985 0.0102 0.0048
123 0.9836 0.0104 0.006
124 0.9846 0.0091 0.0063
125 0.985 0.0093 0.0057
126 0.9855 0.0092 0.0053
127 0.9866 0.0087 0.0047
128 0.9875 0.0077 0.0048
129 0.9863 0.0085 0.0052
130 0.9867 0.0078 0.0055
131 0.9879 0.0077 0.0044
132 0.9884 0.0062 0.0054
133 0.9895 0.0056 0.0049
134 0.9902 0.0051 0.0047
135 0.9917 0.0042 0.0041
136 0.9925 0.004 0.0035
137 0.9922 0.0048 0.003
138 0.9915 0.0061 0.0024
139 0.9907 0.007 0.0023
140 0.9909 0.0056 0.0035
141 0.992 0.0054 0.0026
142 0.9903 0.0064 0.0033
143 0.9894 0.0061 0.0045
144 0.9901 0.006 0.0039
145 0.9915 0.0047 0.0038
146 0.9919 0.0047 0.0034
147 0.9932 0.0042 0.0026
148 0.9931 0.004 0.0029
149 0.9938 0.0041 0.0021
150 0.9946 0.0038 0.0016
151 0.9933 0.0046 0.0021
152 0.9929 0.0049 0.0022
153 0.9922 0.005 0.0028
154 0.991 0.006 0.003
155 0.9905 0.0071 0.0024
156 0.9892 0.0072 0.0036
157 0.9907 0.0056 0.0037
158 0.9905 0.0062 0.0033
159 0.9907 0.0064 0.0029
160 0.9912 0.0045 0.0043
161 0.9917 0.005 0.0033
162 0.9923 0.0043 0.0034
163 0.9928 0.0043 0.0029
164 0.9925 0.0046 0.0029
165 0.992 0.0047 0.0033
166 0.9922 0.0044 0.0034
167 0.9928 0.0041 0.0031
168 0.9927 0.0042 0.0031
169 0.9928 0.0045 0.0027
170 0.9916 0.0054 0.003
171 0.991 0.0057 0.0033
172 0.9903 0.0068 0.0029
173 0.9893 0.0079 0.0028
174 0.9897 0.0064 0.0039
175 0.9899 0.0063 0.0038
176 0.9907 0.0054 0.0039
177 0.9907 0.0058 0.0035
178 0.99 0.0056 0.0044
179 0.9904 0.0052 0.0044
180 0.9917 0.0054 0.0029
181 0.9917 0.0061 0.0022
182 0.9916 0.0056 0.0028
183 0.9917 0.0054 0.0029
184 0.9914 0.0055 0.0031
185 0.9896 0.0066 0.0038
186 0.9899 0.0057 0.0044
187 0.9914 0.0045 0.0041
188 0.9918 0.0052 0.003
189 0.9923 0.0046 0.0031
190 0.994 0.0037 0.0023
191 0.9954 0.0026 0.002
192 0.9957 0.0027 0.0016
193 0.9968 0.0015 0.0017
194 0.9977 0.0014 9.0E-4
195 0.9974 0.0022 4.0E-4
196 0.9971 0.0018 0.0011
197 0.9966 0.0024 0.001
198 0.9969 0.0019 0.0012
199 0.997 0.0016 0.0014
200 0.9971 0.0016 0.0013
201 0.997 0.002 0.001
202 0.9975 0.0018 7.0E-4
203 0.9971 0.0021 8.0E-4
204 0.9967 0.0019 0.0014
205 0.9969 0.0019 0.0012
206 0.9976 0.0019 5.0E-4
207 0.997 0.0025 5.0E-4
208 0.996 0.0025 0.0015
209 0.9967 0.002 0.0013
210 0.9969 0.002 0.0011
211 0.9973 0.0017 0.001
212 0.9972 0.0017 0.0011
213 0.9972 0.0019 9.0E-4
214 0.9971 0.002 9.0E-4
215 0.9973 0.001 0.0017
216 0.9981 6.0E-4 0.0013
217 0.9988 5.0E-4 7.0E-4
218 0.9992 3.0E-4 5.0E-4
219 0.9993 5.0E-4 2.0E-4
220 0.9992 4.0E-4 4.0E-4
221 0.9995 2.0E-4 3.0E-4
222 0.9995 4.0E-4 1.0E-4
223 0.9993 5.0E-4 2.0E-4
224 0.999 5.0E-4 5.0E-4
225 0.9992 5.0E-4 3.0E-4
226 0.9992 6.0E-4 2.0E-4
227 0.9994 3.0E-4 3.0E-4
228 0.9993 6.0E-4 1.0E-4
229 0.9992 4.0E-4 4.0E-4
230 0.999 4.0E-4 6.0E-4
231 0.999 5.0E-4 5.0E-4
232 0.9989 8.0E-4 3.0E-4
233 0.9992 6.0E-4 2.0E-4
234 0.9994 4.0E-4 2.0E-4
235 0.9991 5.0E-4 4.0E-4
236 0.9991 6.0E-4 3.0E-4
237 0.9992 4.0E-4 4.0E-4
238 0.9993 4.0E-4 3.0E-4
239 0.9992 6.0E-4 2.0E-4
240 0.9991 8.0E-4 1.0E-4
241 0.9992 6.0E-4 2.0E-4
242 0.9992 3.0E-4 5.0E-4
243 0.9993 5.0E-4 2.0E-4
244 0.9994 4.0E-4 2.0E-4
245 0.999 4.0E-4 6.0E-4
246 0.9995 3.0E-4 2.0E-4
247 0.9995 4.0E-4 1.0E-4
248 0.9995 4.0E-4 1.0E-4
249 0.9997 2.0E-4 1.0E-4
250 0.9998 1.0E-4 1.0E-4
251 0.9998 1.0E-4 1.0E-4
252 1.0 0.0 0.0
253 1.0 0.0 0.0
254 1.0 0.0 0.0
255 1.0 0.0 0.0
256 1.0 0.0 0.0
257 1.0 0.0 0.0
258 1.0 0.0 0.0
259 1.0 0.0 0.0
260 1.0 0.0 0.0
261 1.0 0.0 0.0
262 1.0 0.0 0.0
263 1.0 0.0 0.0
264 1.0 0.0 0.0
265 1.0 0.0 0.0
266 1.0 0.0 0.0
267 1.0 0.0 0.0
268 1.0 0.0 0.0
269 1.0 0.0 0.0
270 1.0 0.0 0.0
271 1.0 0.0 0.0
272 1.0 0.0 0.0
273 1.0 0.0 0.0
274 1.0 0.0 0.0
275 1.0 0.0 0.0
276 1.0 0.0 0.0
277 1.0 0.0 0.0
278 1.0 0.0 0.0
279 1.0 0.0 0.0
280 1.0 0.0 0.0
281 1.0 0.0 0.0
282 1.0 0.0 0.0
283 1.0 0.0 0.0
284 1.0 0.0 0.0
285 1.0 0.0 0.0
286 1.0 0.0 0.0
287 1.0 0.0 0.0
288 1.0 0.0 0.0
289 1.0 0.0 0.0
290 1.0 0.0 0.0
291 1.0 0.0 0.0
292 1.0 0.0 0.0
293 1.0 0.0 0.0
294 1.0 0.0 0.0
295 1.0 0.0 0.0
296 1.0 0.0 0.0
297 1.0 0.0 0.0
298 1.0 0.0 0.0
299 1.0 0.0 0.0
300 1.0 0.0 0.0
301 1.0 0.0 0.0
302 1.0 0.0 0.0
303 1.0 0.0 0.0
304 1.0 0.0 0.0
305 1.0 0.0 0.0
306 1.0 0.0 0.0
307 1.0 0.0 0.0
308 1.0 0.0 0.0
309 1.0 0.0 0.0
310 1.0 0.0 0.0
311 1.0 0.0 0.0
312 1.0 0.0 0.0
313 1.0 0.0 0.0
314 1.0 0.0 0.0
315 1.0 0.0 0.0
316 1.0 0.0 0.0
317 1.0 0.0 0.0
318 1.0 0.0 0.0
319 1.0 0.0 0.0
320 1.0 0.0 0.0
321 1.0 0.0 0.0
322 1.0 0.0 0.0
323 1.0 0.0 0.0
324 1.0 0.0 0.0
325 1.0 0.0 0.0
326 1.0 0.0 0.0
327 1.0 0.0 0.0
328 1.0 0.0 0.0
329 1.0 0.0 0.0
330 1.0 0.0 0.0
331 1.0 0.0 0.0
332 1.0 0.0 0.0
333 1.0 0.0 0.0
334 1.0 0.0 0.0
335 1.0 0.0 0.0
336 1.0 0.0 0.0
337 1.0 0.0 0.0
338 1.0 0.0 0.0
339 1.0 0.0 0.0
340 1.0 0.0 0.0
341 1.0 0.0 0.0
342 1.0 0.0 0.0
343 1.0 0.0 0.0
344 1.0 0.0 0.0
345 1.0 0.0 0.0
346 1.0 0.0 0.0
347 1.0 0.0 0.0
348 1.0 0.0 0.0
349 1.0 0.0 0.0
350 1.0 0.0 0.0
351 1.0 0.0 0.0
352 1.0 0.0 0.0
353 1.0 0.0 0.0
354 1.0 0.0 0.0
355 1.0 0.0 0.0
356 1.0 0.0 0.0
357 1.0 0.0 0.0
358 1.0 0.0 0.0
359 1.0 0.0 0.0
360 1.0 0.0 0.0
361 1.0 0.0 0.0
362 1.0 0.0 0.0
363 1.0 0.0 0.0
364 1.0 0.0 0.0
365 1.0 0.0 0.0
366 1.0 0.0 0.0
367 1.0 0.0 0.0
368 1.0 0.0 0.0
369 1.0 0.0 0.0
370 1.0 0.0 0.0
371 1.0 0.0 0.0
372 1.0 0.0 0.0
373 1.0 0.0 0.0
374 1.0 0.0 0.0
375 1.0 0.0 0.0
376 1.0 0.0 0.0
377 1.0 0.0 0.0
378 1.0 0.0 0.0
379 1.0 0.0 0.0
380 1.0 0.0 0.0
381 1.0 0.0 0.0
382 1.0 0.0 0.0
383 1.0 0.0 0.0
384 1.0 0.0 0.0
385 1.0 0.0 0.0
386 1.0 0.0 0.0
387 1.0 0.0 0.0
388 1.0 0.0 0.0
389 1.0 0.0 0.0
390 1.0 0.0 0.0
391 1.0 0.0 0.0
392 1.0 0.0 0.0
393 1.0 0.0 0.0
394 1.0 0.0 0.0
395 1.0 0.0 0.0
396 1.0 0.0 0.0
397 1.0 0.0 0.0
398 1.0 0.0 0.0
399 1.0 0.0 0.0
400 1.0 0.0 0.0
401 1.0 0.0 0.0
402 1.0 0.0 0.0
403 1.0 0.0 0.0
404 1.0 0.0 0.0
405 1.0 0.0 0.0
406 1.0 0.0 0.0
407 1.0 0.0 0.0
408 1.0 0.0 0.0
409 1.0 0.0 0.0
410 1.0 0.0 0.0
411 1.0 0.0 0.0
412 1.0 0.0 0.0
413 1.0 0.0 0.0
414 1.0 0.0 0.0
415 1.0 0.0 0.0
416 1.0 0.0 0.0
417 1.0 0.0 0.0
418 1.0 0.0 0.0
419 1.0 0.0 0.0
420 1.0 0.0 0.0
421 1.0 0.0 0.0
422 1.0 0.0 0.0
423 1.0 0.0 0.0
424 1.0 0.0 0.0
425 1.0 0.0 0.0
426 1.0 0.0 0.0
427 1.0 0.0 0.0
428 1.0 0.0 0.0
429 1.0 0.0 0.0
430 1.0 0.0 0.0
431 1.0 0.0 0.0
432 1.0 0.0 0.0
433 1.0 0.0 0.0
434 1.0 0.0 0.0
435 1.0 0.0 0.0
436 1.0 0.0 0.0
437 1.0 0.0 0.0
438 1.0 0.0 0.0
439 1.0 0.0 0.0
440 1.0 0.0 0.0
441 1.0 0.0 0.0
442 1.0 0.0 0.0
443 1.0 0.0 0.0
444 1.0 0.0 0.0
445 1.0 0.0 0.0
446 1.0 0.0 0.0
447 1.0 0.0 0.0
448 1.0 0.0 0.0
449 1.0 0.0 0.0
450 1.0 0.0 0.0
451 1.0 0.0 0.0
452 1.0 0.0 0.0
453 1.0 0.0 0.0
454 1.0 0.0 0.0
455 1.0 0.0 0.0
456 1.0 0.0 0.0
457 1.0 0.0 0.0
458 1.0 0.0 0.0
459 1.0 0.0 0.0
460 1.0 0.0 0.0
461 1.0 0.0 0.0
462 1.0 0.0 0.0
463 1.0 0.0 0.0
464 1.0 0.0 0.0
465 1.0 0.0 0.0
466 1.0 0.0 0.0
467 1.0 0.0 0.0
468 1.0 0.0 0.0
469 1.0 0.0 0.0
470 1.0 0.0 0.0
471 1.0 0.0 0.0
472 1.0 0.0 0.0
473 1.0 0.0 0.0
474 1.0 0.0 0.0
475 1.0 0.0 0.0
476 1.0 0.0 0.0
477 1.0 0.0 0.0
478 1.0 0.0 0.0
479 1.0 0.0 0.0
480 1.0 0.0 0.0
481 1.0 0.0 0.0
482 1.0 0.0 0.0
483 1.0 0.0 0.0
484 1.0 0.0 0.0
485 1.0 0.0 0.0
486 1.0 0.0 0.0
487 1.0 0.0 0.0
488 1.0 0.0 0.0
489 1.0 0.0 0.0
490 1.0 0.0 0.0
491 1.0 0.0 0.0
492 1.0 0.0 0.0
493 1.0 0.0 0.0
494 1.0 0.0 0.0
495 1.0 0.0 0.0
496 1.0 0.0 0.0
497 1.0 0.0 0.0
498 1.0 0.0 0.0
499 1.0 0.0 0.0
500 1.0 0.0 0.0
501 1.0 0.0 0.0
502 1.0 0.0 0.0
503 1.0 0.0 0.0
504 1.0 0.0 0.0
505 1.0 0.0 0.0
506 1.0 0.0 0.0
507 1.0 0.0 0.0
508 1.0 0.0 0.0
509 1.0 0.0 0.0
510 1.0 0.0 0.0
511 1.0 0.0 0.0
512 1.0 0.0 0.0
513 1.0 0.0 0.0
514 1.0 0.0 0.0
515 1.0 0.0 0.0
516 1.0 0.0 0.0
517 1.0 0.0 0.0
518 1.0 0.0 0.0
519 1.0 0.0 0.0
520 1.0 0.0 0.0
521 1.0 0.0 0.0
522 1.0 0.0 0.0
523 1.0 0.0 0.0
524 1.0 0.0 0.0
525 1.0 0.0 0.0
526 1.0 0.0 0.0
527 1.0 0.0 0.0
528 1.0 0.0 0.0
529 1.0 0.0 0.0
530 1.0 0.0 0.0
531 1.0 0.0 0.0
532 1.0 0.0 0.0
533 1.0 0.0 0.0
534 1.0 0.0 0.0
535 1.0 0.0 0.0
536 1.0 0.0 0.0
537 1.0 0.0 0.0
538 1.0 0.0 0.0
539 1.0 0.0 0.0
540 1.0 0.0 0.0
541 1.0 0.0 0.0
542 1.0 0.0 0.0
543 1.0 0.0 0.0
544 1.0 0.0 0.0
545 1.0 0.0 0.0
546 1.0 0.0 0.0
547 1.0 0.0 0.0
548 1.0 0.0 0.0
549 1.0 0.0 0.0
550 1.0 0.0 0.0
551 1.0 0.0 0.0
552 1.0 0.0 0.0
553 1.0 0.0 0.0
554 1.0 0.0 0.0
555 1.0 0.0 0.0
556 1.0 0.0 0.0
557 1.0 0.0 0.0
558 1.0 0.0 0.0
559 1.0 0.0 0.0
560 1.0 0.0 0.0
561 1.0 0.0 0.0
562 1.0 0.0 0.0
563 1.0 0.0 0.0
564 1.0 0.0 0.0
565 1.0 0.0 0.0
566 1.0 0.0 0.0
567 1.0 0.0 0.0
568 1.0 0.0 0.0
569 1.0 0.0 0.0
570 1.0 0.0 0.0
571 1.0 0.0 0.0
572 1.0 0.0 0.0
573 1.0 0.0 0.0
574 1.0 0.0 0.0
575 1.0 0.0 0.0
576 1.0 0.0 0.0
577 1.0 0.0 0.0
578 1.0 0.0 0.0
579 1.0 0.0 0.0
580 1.0 0.0 0.0
581 1.0 0.0 0.0
582 1.0 0.0 0.0
583 1.0 0.0 0.0
584 1.0 0.0 0.0
585 1.0 0.0 0.0
586 1.0 0.0 0.0
587 1.0 0.0 0.0
588 1.0 0.0 0.0
589 1.0 0.0 0.0
590 1.0 0.0 0.0
591 1.0 0.0 0.0
592 1.0 0.0 0.0
593 1.0 0.0 0.0
594 1.0 0.0 0.0
595 1.0 0.0 0.0
596 1.0 0.0 0.0
597 1.0 0.0 0.0
598 1.0 0.0 0.0
599 1.0 0.0 0.0
600 1.0 0.0 0.0
601 1.0 0.0 0.0
602 1.0 0.0 0.0
603 1.0 0.0 0.0
604 1.0 0.0 0.0
605 1.0 0.0 0.0
606 1.0 0.0 0.0
607 1.0 0.0 0.0
608 1.0 0.0 0.0
609 1.0 0.0 0.0
610 1.0 0.0 0.0
611 1.0 0.0 0.0
612 1.0 0.0 0.0
613 1.0 0.0 0.0
614 1.0 0.0 0.0
615 1.0 0.0 0.0
616 1.0 0.0 0.0
617 1.0 0.0 0.0
618 1.0 0.0 0.0
619 1.0 0.0 0.0
620 1.0 0.0 0.0
621 1.0 0.0 0.0
622 1.0 0.0 0.0
623 1.0 0.0 0.0
624 1.0 0.0 0.0
625 1.0 0.0 0.0
626 1.0 0.0 0.0
627 1.0 0.0 0.0
628 1.0 0.0 0.0
629 1.0 0.0 0.0
630 1.0 0.0 0.0
631 1.0 0.0 0.0
632 1.0 0.0 0.0
633 1.0 0.0 0.0
634 1.0 0.0 0.0
635 1.0 0.0 0.0
636 1.0 0.0 0.0
637 1.0 0.0 0.0
638 1.0 0.0 0.0
639 1.0 0.0 0.0
640 1.0 0.0 0.0
641 1.0 0.0 0.0
642 1.0 0.0 0.0
643 1.0 0.0 0.0
644 1.0 0.0 0.0
645 1.0 0.0 0.0
646 1.0 0.0 0.0
647 1.0 0.0 0.0
648 1.0 0.0 0.0
649 1.0 0.0 0.0
650 1.0 0.0 0.0
651 1.0 0.0 0.0
652 1.0 0.0 0.0
653 1.0 0.0 0.0
654 1.0 0.0 0.0
655 1.0 0.0 0.0
656 1.0 0.0 0.0
657 1.0 0.0 0.0
658 1.0 0.0 0.0
659 1.0 0.0 0.0
660 1.0 0.0 0.0
661 1.0 0.0 0.0
662 1.0 0.0 0.0
663 1.0 0.0 0.0
664 1.0 0.0 0.0
665 1.0 0.0 0.0
666 1.0 0.0 0.0
667 1.0 0.0 0.0
668 1.0 0.0 0.0
669 1.0 0.0 0.0
670 1.0 0.0 0.0
671 1.0 0.0 0.0
672 1.0 0.0 0.0
673 1.0 0.0 0.0
674 1.0 0.0 0.0
675 1.0 0.0 0.0
676 1.0 0.0 0.0
677 1.0 0.0 0.0
678 1.0 0.0 0.0
679 1.0 0.0 0.0
680 1.0 0.0 0.0
681 1.0 0.0 0.0
682 1.0 0.0 0.0
683 1.0 0.0 0.0
684 1.0 0.0 0.0
685 1.0 0.0 0.0
686 1.0 0.0 0.0
687 1.0 0.0 0.0
688 1.0 0.0 0.0
689 1.0 0.0 0.0
690 1.0 0.0 0.0
691 1.0 0.0 0.0
692 1.0 0.0 0.0
693 1.0 0.0 0.0
694 1.0 0.0 0.0
695 1.0 0.0 0.0
696 1.0 0.0 0.0
697 1.0 0.0 0.0
698 1.0 0.0 0.0
699 1.0 0.0 0.0
700 1.0 0.0 0.0
701 1.0 0.0 0.0
702 1.0 0.0 0.0
703 1.0 0.0 0.0
704 1.0 0.0 0.0
705 1.0 0.0 0.0
706 1.0 0.0 0.0
707 1.0 0.0 0.0
708 1.0 0.0 0.0
709 1.0 0.0 0.0
710 1.0 0.0 0.0
711 1.0 0.0 0.0
712 1.0 0.0 0.0
713 1.0 0.0 0.0
714 1.0 0.0 0.0
715 1.0 0.0 0.0
716 1.0 0.0 0.0
717 1.0 0.0 0.0
718 1.0 0.0 0.0
719 1.0 0.0 0.0
720 1.0 0.0 0.0
721 1.0 0.0 0.0
722 1.0 0.0 0.0
723 1.0 0.0 0.0
724 1.0 0.0 0.0
725 1.0 0.0 0.0
726 1.0 0.0 0.0
727 1.0 0.0 0.0
728 1.0 0.0 0.0
729 1.0 0.0 0.0
730 1.0 0.0 0.0
731 1.0 0.0 0.0
732 1.0 0.0 0.0
733 1.0 0.0 0.0
734 1.0 0.0 0.0
735 1.0 0.0 0.0
736 1.0 0.0 0.0
737 1.0 0.0 0.0
738 1.0 0.0 0.0
739 1.0 0.0 0.0
740 1.0 0.0 0.0
741 1.0 0.0 0.0
742 1.0 0.0 0.0
743 1.0 0.0 0.0
744 1.0 0.0 0.0
745 1.0 0.0 0.0
746 1.0 0.0 0.0
747 1.0 0.0 0.0
748 1.0 0.0 0.0
749 1.0 0.0 0.0
750 1.0 0.0 0.0
751 1.0 0.0 0.0
752 1.0 0.0 0.0
753 1.0 0.0 0.0
754 1.0 0.0 0.0
755 1.0 0.0 0.0
756 1.0 0.0 0.0
757 1.0 0.0 0.0
758 1.0 0.0 0.0
759 1.0 0.0 0.0
760 1.0 0.0 0.0
761 1.0 0.0 0.0
762 1.0 0.0 0.0
763 1.0 0.0 0.0
764 1.0 0.0 0.0
765 1.0 0.0 0.0
766 1.0 0.0 0.0
767 1.0 0.0 0.0
768 1.0 0.0 0.0
769 1.0 0.0 0.0
770 1.0 0.0 0.0
771 1.0 0.0 0.0
772 1.0 0.0 0.0
773 1.0 0.0 0.0
774 1.0 0.0 0.0
775 1.0 0.0 0.0
776 1.0 0.0 0.0
777 1.0 0.0 0.0
778 1.0 0.0 0.0
779 1.0 0.0 0.0
780 1.0 0.0 0.0
781 1.0 0.0 0.0
782 1.0 0.0 0.0
783 1.0 0.0 0.0
784 1.0 0.0 0.0
785 1.0 0.0 0.0
786 1.0 0.0 0.0
787 1.0 0.0 0.0
788 1.0 0.0 0.0
789 1.0 0.0 0.0
790 1.0 0.0 0.0
791 1.0 0.0 0.0
792 1.0 0.0 0.0
793 1.0 0.0 0.0
794 1.0 0.0 0.0
795 1.0 0.0 0.0
796 1.0 0.0 0.0
797 1.0 0.0 0.0
798 1.0 0.0 0.0
799 1.0 0.0 0.0
800 1.0 0.0 0.0
801 1.0 0.0 0.0
802 1.0 0.0 0.0
803 1.0 0.0 0.0
804 1.0 0.0 0.0
805 1.0 0.0 0.0
806 1.0 0.0 0.0
807 1.0 0.0 0.0
808 1.0 0.0 0.0
809 1.0 0.0 0.0
810 1.0 0.0 0.0
811 1.0 0.0 0.0
812 1.0 0.0 0.0
813 1.0 0.0 0.0
814 1.0 0.0 0.0
815 1.0 0.0 0.0
816 1.0 0.0 0.0
817 1.0 0.0 0.0
818 1.0 0.0 0.0
819 1.0 0.0 0.0
820 1.0 0.0 0.0
821 1.0 0.0 0.0
822 1.0 0.0 0.0
823 1.0 0.0 0.0
824 1.0 0.0 0.0
825 1.0 0.0 0.0
826 1.0 0.0 0.0
827 1.0 0.0 0.0
828 1.0 0.0 0.0
829 1.0 0.0 0.0
830 1.0 0.0 0.0
831 1.0 0.0 0.0
832 1.0 0.0 0.0
833 1.0 0.0 0.0
834 1.0 0.0 0.0
835 1.0 0.0 0.0
836 1.0 0.0 0.0
837 1.0 0.0 0.0
838 1.0 0.0 0.0
839 1.0 0.0 0.0
840 1.0 0.0 0.0
841 1.0 0.0 0.0
842 1.0 0.0 0.0
843 1.0 0.0 0.0
844 1.0 0.0 0.0
845 1.0 0.0 0.0
846 1.0 0.0 0.0
847 1.0 0.0 0.0
848 1.0 0.0 0.0
849 1.0 0.0 0.0
850 1.0 0.0 0.0
851 1.0 0.0 0.0
852 1.0 0.0 0.0
853 1.0 0.0 0.0
854 1.0 0.0 0.0
855 1.0 0.0 0.0
856 1.0 0.0 0.0
857 1.0 0.0 0.0
858 1.0 0.0 0.0
859 1.0 0.0 0.0
860 1.0 0.0 0.0
861 1.0 0.0 0.0
862 1.0 0.0 0.0
863 1.0 0.0 0.0
864 1.0 0.0 0.0
865 1.0 0.0 0.0
866 1.0 0.0 0.0
867 1.0 0.0 0.0
868 1.0 0.0 0.0
869 1.0 0.0 0.0
870 1.0 0.0 0.0
871 1.0 0.0 0.0
872 1.0 0.0 0.0
873 1.0 0.0 0.0
874 1.0 0.0 0.0
875 1.0 0.0 0.0
876 1.0 0.0 0.0
877 1.0 0.0 0.0
878 1.0 0.0 0.0
879 1.0 0.0 0.0
880 1.0 0.0 0.0
881 1.0 0.0 0.0
882 1.0 0.0 0.0
883 1.0 0.0 0.0
884 1.0 0.0 0.0
885 1.0 0.0 0.0
886 1.0 0.0 0.0
887 1.0 0.0 0.0
888 1.0 0.0 0.0
889 1.0 0.0 0.0
890 1.0 0.0 0.0
891 1.0 0.0 0.0
892 1.0 0.0 0.0
893 1.0 0.0 0.0
894 1.0 0.0 0.0
895 1.0 0.0 0.0
896 1.0 0.0 0.0
897 1.0 0.0 0.0
898 1.0 0.0 0.0
899 1.0 0.0 0.0
900 1.0 0.0 0.0
901 1.0 0.0 0.0
902 1.0 0.0 0.0
903 1.0 0.0 0.0
904 1.0 0.0 0.0
905 1.0 0.0 0.0
906 1.0 0.0 0.0
907 1.0 0.0 0.0
908 1.0 0.0 0.0
909 1.0 0.0 0.0
910 1.0 0.0 0.0
911 1.0 0.0 0.0
912 1.0 0.0 0.0
913 1.0 0.0 0.0
914 1.0 0.0 0.0
915 1.0 0.0 0.0
916 1.0 0.0 0.0
917 1.0 0.0 0.0
918 1.0 0.0 0.0
919 1.0 0.0 0.0
920 1.0 0.0 0.0
921 1.0 0.0 0.0
922 1.0 0.0 0.0
923 1.0 0.0 0.0
924 1.0 0.0 0.0
925 1.0 0.0 0.0
926 1.0 0.0 0.0
927 1.0 0.0 0.0
928 1.0 0.0 0.0
929 1.0 0.0 0.0
930 1.0 0.0 0.0
931 1.0 0.0 0.0
932 1.0 0.0 0.0
933 1.0 0.0 0.0
934 1.0 0.0 0.0
935 1.0 0.0 0.0
936 1.0 0.0 0.0
937 1.0 0.0 0.0
938 1.0 0.0 0.0
939 1.0 0.0 0.0
940 1.0 0.0 0.0
941 1.0 0.0 0.0
942 1.0 0.0 0.0
943 1.0 0.0 0.0
944 1.0 0.0 0.0
945 1.0 0.0 0.0
946 1.0 0.0 0.0
947 1.0 0.0 0.0
948 1.0 0.0 0.0
949 1.0 0.0 0.0
950 1.0 0.0 0.0
951 1.0 0.0 0.0
952 1.0 0.0 0.0
953 1.0 0.0 0.0
954 1.0 0.0 0.0
955 1.0 0.0 0.0
956 1.0 0.0 0.0
957 1.0 0.0 0.0
958 1.0 0.0 0.0
959 1.0 0.0 0.0
960 1.0 0.0 0.0
961 1.0 0.0 0.0
962 1.0 0.0 0.0
963 1.0 0.0 0.0
964 1.0 0.0 0.0
965 1.0 0.0 0.0
966 1.0 0.0 0.0
967 1.0 0.0 0.0
968 1.0 0.0 0.0
969 1.0 0.0 0.0
970 1.0 0.0 0.0
971 1.0 0.0 0.0
972 1.0 0.0 0.0
973 1.0 0.0 0.0
974 1.0 0.0 0.0
975 1.0 0.0 0.0
976 1.0 0.0 0.0
977 1.0 0.0 0.0
978 1.0 0.0 0.0
979 1.0 0.0 0.0
980 1.0 0.0 0.0
981 1.0 0.0 0.0
982 1.0 0.0 0.0
983 1.0 0.0 0.0
984 1.0 0.0 0.0
985 1.0 0.0 0.0
986 1.0 0.0 0.0
987 1.0 0.0 0.0
988 1.0 0.0 0.0
989 1.0 0.0 0.0
990 1.0 0.0 0.0
991 1.0 0.0 0.0
992 1.0 0.0 0.0
993 1.0 0.0 0.0
994 1.0 0.0 0.0
995 1.0 0.0 0.0
996 1.0 0.0 0.0
997 1.0 0.0 0.0
998 1.0 0.0 0.0
999 1.0 0.0 0.0
