0.0 0.0 0.5 0.5 0.9995637299998923 4.334999999999994E-5 3.929200000937353E-4 3.935709581792679E-6 5.7283777499999205E-8 3.0644458735992924E-6
0.0 0.05263157894736842 0.5 0.5 0.9990935499998931 2.0814000000000008E-4 6.983100000941386E-4 1.4192891487962989E-5 9.112257404000012E-7 7.951248143897034E-6
0.0 0.10526315789473684 0.5 0.5 0.9972238299998972 0.0010049900000000383 0.0017711800000931423 7.56987852043034E-5 1.0091628099899655E-5 3.068284140759043E-5
0.0 0.15789473684210525 0.5 0.5 0.9928803999999031 0.002852230000000008 0.004267370000093903 3.0204351389562234E-4 4.65218630271002E-5 1.1201198428305986E-4
0.0 0.21052631578947367 0.5 0.5 0.9839339799998779 0.007279629999999955 0.008786390000089213 9.79375669457827E-4 2.0799725406310223E-4 2.857065337678158E-4
0.0 0.2631578947368421 0.5 0.5 0.9449227999999131 0.026227970000000347 0.028849230000086875 0.002963135354148716 6.679987926791217E-4 8.199349094067056E-4
0.0 0.3157894736842105 0.5 0.5 0.8321132399999235 0.08295369000000233 0.08493307000007486 0.0015529852167073255 3.7880568638369756E-4 4.0761191537497677E-4
0.0 0.3684210526315789 0.5 0.5 0.6827442199999421 0.15853040999999807 0.15872537000006015 9.390287258681518E-5 2.619922023223281E-5 3.786520136282029E-5
0.0 0.42105263157894735 0.5 0.5 0.5845782099999502 0.20808353999999202 0.20733825000005499 1.732569341987844E-4 5.646647906867169E-5 5.4877863936993176E-5
0.0 0.47368421052631576 0.5 0.5 0.5173437499999616 0.2406060299999893 0.2420502200000506 5.239190293448992E-5 2.5592218639076958E-5 2.1245667951697023E-5
0.0 0.5263157894736842 0.5 0.5 0.46788103999996344 0.26623458999998734 0.2658843700000468 7.07727265200353E-5 4.038858453214722E-5 2.3871724703652952E-5
0.0 0.5789473684210527 0.5 0.5 0.42865244999996793 0.2849513399999857 0.2863962100000464 7.736462999841098E-5 4.484362620424398E-5 3.10477066356174E-5
0.0 0.631578947368421 0.5 0.5 0.3920019599999714 0.3041567399999834 0.30384130000004606 3.863728015832124E-5 3.078182057292267E-5 2.083329230763431E-5
0.0 0.6842105263157895 0.5 0.5 0.36385185999997577 0.3177568899999814 0.3183912500000421 6.354822653906189E-5 4.49682625288661E-5 2.5123822440534238E-5
0.0 0.7368421052631579 0.5 0.5 0.33940377999997867 0.3313042399999798 0.32929198000004 5.373984970820367E-5 3.8460322021413584E-5 2.1164913680635222E-5
0.0 0.7894736842105263 0.5 0.5 0.32064304999998267 0.33925337999997934 0.3401035700000395 3.617351369650246E-5 3.0429452572158788E-5 2.9057774255353275E-5
0.0 0.8421052631578947 0.5 0.5 0.3036333499999822 0.34777963999997846 0.34858701000003905 3.629609277915058E-5 3.5681991467667595E-5 2.8426248260535192E-5
0.0 0.8947368421052632 0.5 0.5 0.28650486999998515 0.35658554999997627 0.35690958000003625 3.263659328331392E-5 3.088419419863819E-5 2.1126294223933195E-5
0.0 0.9473684210526315 0.5 0.5 0.27171846999998694 0.3637658399999757 0.3645156900000366 3.6051113858903694E-5 3.2711799095613836E-5 2.353323682352526E-5
0.0 1.0 0.5 0.5 0.2578612199999881 0.37146436999997623 0.3706744100000384 2.200083811203235E-5 2.9532583503300014E-5 1.7559582149911934E-5

0.05263157894736842 0.0 0.5 0.5 0.9444872000000206 3.710000000000051E-5 0.05547570000008837 1.9768638398476313E-6 4.4099590000000165E-8 1.449671510213909E-6
0.05263157894736842 0.05263157894736842 0.5 0.5 0.9433013099996788 1.2654000000000002E-4 0.05657215000008428 9.066407631763695E-6 3.493376283999961E-7 5.8693193782403605E-6
0.05263157894736842 0.10526315789473684 0.5 0.5 0.9440750799999398 6.477800000000189E-4 0.055277140000082034 5.0449639160121684E-5 6.099483071599917E-6 2.163560942116489E-5
0.05263157894736842 0.15789473684210525 0.5 0.5 0.9420619299997678 0.002181010000000011 0.05575706000010004 2.5571107207966737E-4 4.0872216379899856E-5 9.260796615500385E-5
0.05263157894736842 0.21052631578947367 0.5 0.5 0.9343977799999322 0.006170149999999839 0.059432070000087545 6.66271338966018E-4 1.3307331197750274E-4 2.0427679051499784E-4
0.05263157894736842 0.2631578947368421 0.5 0.5 0.9150135099998956 0.01522508999999914 0.06976140000008137 0.0020346211764959987 4.450099394919402E-4 5.781329380400834E-4
0.05263157894736842 0.3157894736842105 0.5 0.5 0.8334179099999148 0.05625577000000015 0.11032632000007461 0.0016769976262517305 3.7898472270714084E-4 4.7485326125715904E-4
0.05263157894736842 0.3684210526315789 0.5 0.5 0.6944353699999377 0.12719850000000096 0.1783661300000587 4.961910859785368E-4 1.2223593375026293E-4 1.4156422582300987E-4
0.05263157894736842 0.42105263157894735 0.5 0.5 0.6011321799999496 0.17292854999999674 0.22593927000005248 1.95199668453494E-4 6.009269789748403E-5 6.207259086737915E-5
0.05263157894736842 0.47368421052631576 0.5 0.5 0.535264399999959 0.20736799999999228 0.2573676000000482 6.674622863594992E-5 3.519579000043488E-5 2.3561980239797387E-5
0.05263157894736842 0.5263157894736842 0.5 0.5 0.4734256899999659 0.23605543999999073 0.2905188700000452 9.229398502280661E-5 5.433664040641051E-5 3.387401692359071E-5
0.05263157894736842 0.5789473684210527 0.5 0.5 0.4325938199999651 0.25818383999998745 0.3092223400000437 5.1977697810762225E-5 3.043940885535945E-5 2.9373356923836913E-5
0.05263157894736842 0.631578947368421 0.5 0.5 0.40291765999997203 0.2714040999999859 0.3256782400000429 5.2035460123334154E-5 3.396971919018832E-5 2.281497050239667E-5
0.05263157894736842 0.6842105263157895 0.5 0.5 0.37048817999997513 0.28568579999998495 0.3438260200000408 3.492428628826261E-5 2.2562086359964595E-5 2.406465895857246E-5
0.05263157894736842 0.7368421052631579 0.5 0.5 0.34453560999997973 0.30142633999998364 0.3540380500000374 1.0915405692488167E-4 6.481958620480066E-5 3.2029795197507926E-5
0.05263157894736842 0.7894736842105263 0.5 0.5 0.32189871999998076 0.3156271399999792 0.3624741400000394 5.723136036227261E-5 4.2939087422588784E-5 2.840843725807063E-5
0.05263157894736842 0.8421052631578947 0.5 0.5 0.3054296599999839 0.320316119999981 0.3742542200000361 7.520326428454849E-5 4.332495014636173E-5 3.36662621904793E-5
0.05263157894736842 0.8947368421052632 0.5 0.5 0.28796731999998565 0.32981483999997846 0.3822178400000357 4.309383201735184E-5 3.791863377405891E-5 2.134653773416817E-5
0.05263157894736842 0.9473684210526315 0.5 0.5 0.2735886999999863 0.3375037799999803 0.38890752000003315 3.59996023093917E-5 2.9168803708040647E-5 3.4175615450993124E-5
0.05263157894736842 1.0 0.5 0.5 0.26085282999998777 0.34331293999997886 0.3958342300000331 3.801253599146348E-5 4.3499136553493134E-5 2.0239129306431902E-5

0.10526315789473684 0.0 0.5 0.5 0.8933074400000878 4.6310000000000985E-5 0.10664625000006978 1.9360444851734826E-6 5.8254383900000816E-8 1.3309659407222812E-6
0.10526315789473684 0.05263157894736842 0.5 0.5 0.8975581100001067 1.2908999999999957E-4 0.10231280000009159 7.981847973015377E-6 3.6148077190000175E-7 4.96607815718593E-6
0.10526315789473684 0.10526315789473684 0.5 0.5 0.8946735900000605 4.909500000000067E-4 0.10483546000007515 3.1093543138793756E-5 3.468523097499963E-6 1.3861616592043477E-5
0.10526315789473684 0.15789473684210525 0.5 0.5 0.8882946900000424 0.0017523399999999963 0.1099529700001074 1.4081114258535088E-4 2.219345452440004E-5 5.1307197176143904E-5
0.10526315789473684 0.21052631578947367 0.5 0.5 0.883128979999887 0.004820999999999802 0.11205002000008109 4.457335162946219E-4 8.454447099999922E-5 1.4265777000056594E-4
0.10526315789473684 0.2631578947368421 0.5 0.5 0.8723283499999342 0.011437459999999322 0.11623419000008084 0.0015086974232292327 3.1940385874845755E-4 4.412948060436659E-4
0.10526315789473684 0.3157894736842105 0.5 0.5 0.8249738699999212 0.03369639000000069 0.14132974000007473 0.0025267405682201094 5.788337319678541E-4 6.913680515322831E-4
0.10526315789473684 0.3684210526315789 0.5 0.5 0.7497522099999334 0.07089010000000129 0.17935769000006663 0.0016765078091219854 3.892521219898762E-4 4.613307988626386E-4
0.10526315789473684 0.42105263157894735 0.5 0.5 0.6396784599999472 0.12770015000000126 0.23262139000005283 2.0272027603013276E-4 4.495476097787082E-5 7.661271746790821E-5
0.10526315789473684 0.47368421052631576 0.5 0.5 0.5546528799999572 0.16771255999999843 0.2776345600000468 1.9389850770051842E-4 4.8245318246476626E-5 7.316269360604921E-5
0.10526315789473684 0.5263157894736842 0.5 0.5 0.5007932699999607 0.19642107999999567 0.3027856500000445 2.4030005370723195E-4 9.263877963263528E-5 6.602505507624645E-5
0.10526315789473684 0.5789473684210527 0.5 0.5 0.44118485999996776 0.22682528999999002 0.331989850000042 1.3311041678215618E-4 5.579502741608067E-5 3.818949997633214E-5
0.10526315789473684 0.631578947368421 0.5 0.5 0.4083420599999715 0.2431823199999884 0.3484756200000401 8.213297695502941E-5 4.086804541784256E-5 2.619929561559209E-5
0.10526315789473684 0.6842105263157895 0.5 0.5 0.38012408999997427 0.25491157999998776 0.3649643300000374 4.612840467022039E-5 3.188505790505114E-5 2.2914952649305542E-5
0.10526315789473684 0.7368421052631579 0.5 0.5 0.34948505999997936 0.27376185999998703 0.3767530800000362 6.822184879350102E-5 4.21542973393918E-5 2.8599310512328335E-5
0.10526315789473684 0.7894736842105263 0.5 0.5 0.3289652399999789 0.2829013799999848 0.38813338000003256 6.507849974211888E-5 4.445246809633985E-5 2.749239777774526E-5
0.10526315789473684 0.8421052631578947 0.5 0.5 0.3094957699999836 0.29441964999998294 0.3960845800000343 3.7573117106018405E-5 3.261313087862816E-5 2.2590524221377528E-5
0.10526315789473684 0.8947368421052632 0.5 0.5 0.29119291999998415 0.3027996699999834 0.4060074100000331 4.48279978740862E-5 3.7841440891348E-5 2.139344808935184E-5
0.10526315789473684 0.9473684210526315 0.5 0.5 0.2794703899999869 0.30626109999998313 0.4142685100000311 3.90029502468775E-5 3.695138078983751E-5 2.2834385379366662E-5
0.10526315789473684 1.0 0.5 0.5 0.26537003999998765 0.3136424299999819 0.42098753000003086 3.418294039833625E-5 2.6070728695953838E-5 2.0453107499318612E-5

0.15789473684210525 0.0 0.5 0.5 0.8416608999998084 3.530000000000062E-5 0.15830380000009678 2.4492694145061833E-6 3.754190999999982E-8 1.891769557289813E-6
0.15789473684210525 0.05263157894736842 0.5 0.5 0.8424537200000103 1.92270000000002E-4 0.15735401000008983 9.418642152314582E-6 6.096992471000055E-7 5.249063913182611E-6
0.15789473684210525 0.10526315789473684 0.5 0.5 0.8372520100000601 5.032700000000023E-4 0.16224472000008128 2.7912685671704907E-5 3.191568307100093E-6 1.2305842113216614E-5
0.15789473684210525 0.15789473684210525 0.5 0.5 0.8322564699998745 0.0014722699999999975 0.16627126000007802 1.175757981976E-4 1.791075004710015E-5 4.396762000723198E-5
0.15789473684210525 0.21052631578947367 0.5 0.5 0.8314415299997816 0.0033750999999999586 0.16518337000007194 3.3824738858445613E-4 5.921205998999483E-5 1.147084844389315E-4
0.15789473684210525 0.2631578947368421 0.5 0.5 0.8304538299999417 0.006414359999999896 0.1631318100000883 6.469387412784133E-4 1.2652298379039903E-4 2.0255074711994156E-4
0.15789473684210525 0.3157894736842105 0.5 0.5 0.8051100999999253 0.01676724999999949 0.1781226500000706 0.001512666901999249 3.418134824374975E-4 4.200230719763956E-4
0.15789473684210525 0.3684210526315789 0.5 0.5 0.7603092699999351 0.0400017600000005 0.199688970000069 0.002193663909066723 5.218604489024288E-4 5.798874693376602E-4
0.15789473684210525 0.42105263157894735 0.5 0.5 0.6758593899999424 0.08453845000000185 0.23960216000005774 8.15074353809897E-4 1.7368442059740186E-4 2.4634547533429474E-4
0.15789473684210525 0.47368421052631576 0.5 0.5 0.5773610299999569 0.13255957000000076 0.29007940000004684 3.498885643353211E-4 8.827234441572546E-5 1.0487984763936364E-4
0.15789473684210525 0.5263157894736842 0.5 0.5 0.5215297699999565 0.1605913599999993 0.3178788700000423 1.8563116875003338E-4 5.9385609350461055E-5 6.240692852502172E-5
0.15789473684210525 0.5789473684210527 0.5 0.5 0.4689588299999657 0.1827560099999963 0.34828516000004 1.078550580301818E-4 4.176994187932853E-5 4.177333177361742E-5
0.15789473684210525 0.631578947368421 0.5 0.5 0.42957818999996833 0.2028752999999952 0.3675465100000373 6.798365132282269E-5 2.7701711908592608E-5 2.7209429819208264E-5
0.15789473684210525 0.6842105263157895 0.5 0.5 0.3913925299999742 0.22235625999999156 0.3862512100000328 1.4190537919919755E-4 6.852171881230329E-5 3.62001265377665E-5
0.15789473684210525 0.7368421052631579 0.5 0.5 0.3616790899999762 0.2384676299999894 0.39985328000003373 4.3429385772203455E-5 2.463357118309001E-5 1.751391723756046E-5
0.15789473684210525 0.7894736842105263 0.5 0.5 0.3436712999999774 0.24821453999998946 0.40811416000003514 3.092956630797172E-5 2.1830362589216057E-5 2.083696549226577E-5
0.15789473684210525 0.8421052631578947 0.5 0.5 0.32453078999997903 0.25864197999998756 0.41682723000003014 5.247446097722541E-5 3.691515768075582E-5 2.7334137525647506E-5
0.15789473684210525 0.8947368421052632 0.5 0.5 0.30112867999998305 0.2741702499999874 0.42470107000003054 3.617290945825968E-5 3.140626393613455E-5 2.1009963855816993E-5
0.15789473684210525 0.9473684210526315 0.5 0.5 0.28395699999998353 0.28331177999998625 0.4327312200000303 5.242494300079781E-5 4.069269323159208E-5 2.0229719315673078E-5
0.15789473684210525 1.0 0.5 0.5 0.2727068199999868 0.2871483899999862 0.44014479000003004 4.5033323487375654E-5 3.254048340735338E-5 1.980775086021791E-5

0.21052631578947367 0.0 0.5 0.5 0.7774363099998399 2.963000000000002E-5 0.2225340600001037 1.2305706479365242E-6 1.861906310000026E-8 9.529038940830903E-7
0.21052631578947367 0.05263157894736842 0.5 0.5 0.7908662299997559 1.7970999999999826E-4 0.20895406000002312 9.104812956239883E-6 4.90377315899999E-7 5.396535532033175E-6
0.21052631578947367 0.10526315789473684 0.5 0.5 0.7921151500000468 3.814900000000026E-4 0.20750336000009428 2.7840601131590148E-5 2.3248503798999438E-6 1.4197240693070157E-5
0.21052631578947367 0.15789473684210525 0.5 0.5 0.7866417999998601 9.047300000000238E-4 0.2124534700000643 6.480766472594102E-5 8.338330627099418E-6 2.6825321958010018E-5
0.21052631578947367 0.21052631578947367 0.5 0.5 0.7727403099998833 0.0026884199999999774 0.22457127000002944 2.2242453424592412E-4 4.0343247903599344E-5 7.358983960942256E-5
0.21052631578947367 0.2631578947368421 0.5 0.5 0.7838404999998662 0.004311709999999994 0.21184779000004006 4.502058239223006E-4 8.287800587589966E-5 1.4753323313443367E-4
0.21052631578947367 0.3157894736842105 0.5 0.5 0.7640237799999496 0.013167840000000947 0.22280838000006375 0.001149596782471285 2.6062727573438913E-4 3.170629717773321E-4
0.21052631578947367 0.3684210526315789 0.5 0.5 0.7449487099999472 0.018272630000001233 0.2367786600000704 0.001685114096305118 3.637767678830751E-4 4.859991366012312E-4
0.21052631578947367 0.42105263157894735 0.5 0.5 0.6845225599999453 0.04997663999999982 0.2655008000000586 0.001555370633034292 3.5340291431045943E-4 4.31937365358806E-4
0.21052631578947367 0.47368421052631576 0.5 0.5 0.6253830699999468 0.07782077000000151 0.2967961600000539 8.234293043795637E-4 1.7188673160692738E-4 2.532967232519723E-4
0.21052631578947367 0.5263157894736842 0.5 0.5 0.5557200199999525 0.1164105400000008 0.3278694400000416 2.7960379119656986E-4 6.104243490878333E-5 1.0166648008852475E-4
0.21052631578947367 0.5789473684210527 0.5 0.5 0.49322368999996496 0.14725434999999978 0.3595219600000382 2.6241877178009854E-4 7.008654707759895E-5 8.1288399758489E-5
0.21052631578947367 0.631578947368421 0.5 0.5 0.4450383699999698 0.1742415299999971 0.3807201000000355 5.896001074270907E-5 2.4994088258720182E-5 2.2154049988509783E-5
0.21052631578947367 0.6842105263157895 0.5 0.5 0.41452515999997214 0.18922474999999603 0.3962500900000342 9.777054697329701E-5 5.225173643678277E-5 2.137092999074386E-5
0.21052631578947367 0.7368421052631579 0.5 0.5 0.3844410099999733 0.20506308999999442 0.4104959000000312 4.940294118135902E-5 3.074076065121001E-5 2.2972091188872E-5
0.21052631578947367 0.7894736842105263 0.5 0.5 0.36256243999997634 0.21075859999999222 0.4266789600000298 4.270166724784641E-5 2.907302804015799E-5 1.912449332225341E-5
0.21052631578947367 0.8421052631578947 0.5 0.5 0.3386067499999793 0.22558449999999258 0.43580875000002917 8.095509943505108E-5 3.7216229748865404E-5 2.716900644311737E-5
0.21052631578947367 0.8947368421052632 0.5 0.5 0.3192674799999803 0.23270150999999004 0.44803101000002843 6.160225645017448E-5 3.8790844720054674E-5 1.663876738275394E-5
0.21052631578947367 0.9473684210526315 0.5 0.5 0.30396988999998237 0.24381846999998935 0.4522116400000285 9.1591914389344E-5 4.638399986011538E-5 2.3243850509169217E-5
0.21052631578947367 1.0 0.5 0.5 0.28833269999998445 0.2511068699999902 0.46056043000002905 4.514403071029238E-5 2.219558380406328E-5 2.0757161210360753E-5

0.2631578947368421 0.0 0.5 0.5 0.7331665400000228 4.0339999999999854E-5 0.26679312000010186 1.3700263058469275E-6 3.950268439999977E-8 9.504326367176796E-7
0.2631578947368421 0.05263157894736842 0.5 0.5 0.7443264799998851 1.1189999999999974E-4 0.25556162000002597 3.96114678458126E-6 2.175883899999993E-7 2.3345749991798836E-6
0.2631578947368421 0.10526315789473684 0.5 0.5 0.735352839999824 1.7827999999999803E-4 0.2644688800000841 1.0427898235798594E-5 5.663142416000139E-7 6.165681529307632E-6
0.2631578947368421 0.15789473684210525 0.5 0.5 0.7361735999998504 6.770100000000148E-4 0.26314939000007 3.4205259138664346E-5 3.906016459899843E-6 1.5080427621605441E-5
0.2631578947368421 0.21052631578947367 0.5 0.5 0.7318390399997602 0.0014640700000000061 0.2666968900000149 1.2148117599231067E-4 1.718968403510036E-5 4.746351736353849E-5
0.2631578947368421 0.2631578947368421 0.5 0.5 0.7270639599998763 0.0031451499999999716 0.2697908900000723 2.399499811701622E-4 4.2507784477499384E-5 8.091489600188517E-5
0.2631578947368421 0.3157894736842105 0.5 0.5 0.7236409599997877 0.006675510000000013 0.26968353000010514 7.026930724538527E-4 1.4299536323989976E-4 2.122986577205721E-4
0.2631578947368421 0.3684210526315789 0.5 0.5 0.7140037599999471 0.01146687000000039 0.2745293700000623 0.0010283340838437294 2.0393920340311048E-4 3.1791918040330325E-4
0.2631578947368421 0.42105263157894735 0.5 0.5 0.6859415399999413 0.027230220000000027 0.2868282400000589 0.0015677045504370324 3.600867087515988E-4 4.303364385020436E-4
0.2631578947368421 0.47368421052631576 0.5 0.5 0.6575025999999432 0.036449470000000504 0.3060479300000568 0.0016229955012306285 3.5644020171906785E-4 4.647728637151849E-4
0.2631578947368421 0.5263157894736842 0.5 0.5 0.5910416599999542 0.07090288000000133 0.3380554600000492 0.0015255073704357192 3.8128332970553767E-4 3.894693181870773E-4
0.2631578947368421 0.5789473684210527 0.5 0.5 0.5509886699999558 0.09124976000000273 0.35776157000004244 7.743564006228998E-4 1.8486328594234484E-4 2.126253801381095E-4
0.2631578947368421 0.631578947368421 0.5 0.5 0.4853998899999609 0.12614114000000176 0.38845897000003377 1.451150989877359E-4 3.69881075006559E-5 5.44693895398185E-5
0.2631578947368421 0.6842105263157895 0.5 0.5 0.43363964999996907 0.15498224999999935 0.41137810000003483 1.912142028797359E-4 6.176121393741685E-5 5.063354638656925E-5
0.2631578947368421 0.7368421052631579 0.5 0.5 0.4160175499999715 0.16022224999999887 0.4237602000000292 1.2482286899459516E-4 3.562594993757745E-5 4.299168796342845E-5
0.2631578947368421 0.7894736842105263 0.5 0.5 0.3952831099999741 0.1677665699999982 0.43695032000003076 1.634194377245768E-4 5.2291613434975875E-5 5.038647790106543E-5
0.2631578947368421 0.8421052631578947 0.5 0.5 0.36697234999997624 0.1812432899999961 0.45178436000002675 7.286112447688065E-5 3.383218697532858E-5 2.783482139043225E-5
0.2631578947368421 0.8947368421052632 0.5 0.5 0.3406724499999789 0.1966850099999949 0.4626425400000263 6.808364399493727E-5 3.4555252299214856E-5 2.5073922347934596E-5
0.2631578947368421 0.9473684210526315 0.5 0.5 0.3242055699999806 0.20552047999999437 0.47027395000002536 6.403684397575382E-5 2.9192298569021002E-5 2.4413778401788377E-5
0.2631578947368421 1.0 0.5 0.5 0.312999989999981 0.21296233999999312 0.47403767000002756 5.547960100078797E-5 2.4738895724463195E-5 2.4898793965388855E-5

0.3157894736842105 0.0 0.5 0.5 0.6738884699999103 3.7530000000001316E-5 0.3260740000000078 8.717122264023658E-7 3.318449909999921E-8 5.676400110926627E-7
0.3157894736842105 0.05263157894736842 0.5 0.5 0.6868020199999179 8.704999999999951E-5 0.3131109300000543 3.1391840233929713E-6 1.6231529750000064E-7 1.8891155173644814E-6
0.3157894736842105 0.10526315789473684 0.5 0.5 0.6833835600000899 1.763399999999967E-4 0.31644010000008077 7.912283483291205E-6 4.928362044000035E-7 4.481113987098162E-6
0.3157894736842105 0.15789473684210525 0.5 0.5 0.677472299999861 5.4487000000001E-4 0.3219828300000398 2.8121058812058397E-5 2.944949683100015E-6 1.2919320189416772E-5
0.3157894736842105 0.21052631578947367 0.5 0.5 0.6798208999999834 0.0011467799999999992 0.31903232000009274 6.647968507722535E-5 9.01337163159982E-6 2.687913741709902E-5
0.3157894736842105 0.2631578947368421 0.5 0.5 0.683433269999859 0.0023270900000000763 0.31423964000009114 1.9039499228890033E-4 3.24120551318977E-5 6.593672663428307E-5
0.3157894736842105 0.3157894736842105 0.5 0.5 0.6790085899999732 0.003483519999999919 0.317507890000081 2.995967032458635E-4 5.427707040959919E-5 9.9126796708357E-5
0.3157894736842105 0.3684210526315789 0.5 0.5 0.6664971099999467 0.007371539999999845 0.3261313500000349 6.201949966824216E-4 1.2691866802840316E-4 1.869786481991098E-4
0.3157894736842105 0.42105263157894735 0.5 0.5 0.6641178999999475 0.01224991000000041 0.3236321900000515 0.0010840471095806548 2.2544055599189172E-4 3.227795448068477E-4
0.3157894736842105 0.47368421052631576 0.5 0.5 0.6366744299999516 0.02306756999999958 0.34025800000005113 0.0013498596631725812 3.046085512951104E-4 3.751751480008114E-4
0.3157894736842105 0.5263157894736842 0.5 0.5 0.61031645999995 0.03912452000000029 0.35055902000005024 0.0012960089330745217 2.817689407695358E-4 3.756882106393383E-4
0.3157894736842105 0.5789473684210527 0.5 0.5 0.5643928999999538 0.05690882999999967 0.3786982700000448 0.0012214571595902668 2.76207275031224E-4 3.4688696400586583E-4
0.3157894736842105 0.631578947368421 0.5 0.5 0.5353855099999592 0.07162153000000095 0.3929929600000442 0.0010930085670329825 2.6276683945907885E-4 2.9334434443337165E-4
0.3157894736842105 0.6842105263157895 0.5 0.5 0.5047684599999611 0.08474375000000216 0.4104877900000374 7.915257592258085E-4 1.7364730293758807E-4 2.339422279130643E-4
0.3157894736842105 0.7368421052631579 0.5 0.5 0.47852343999996266 0.1012592100000025 0.42021735000003607 5.533224585681507E-4 1.4923939717562812E-4 1.428982439741211E-4
0.3157894736842105 0.7894736842105263 0.5 0.5 0.4351721699999677 0.12174774000000106 0.4430800900000308 1.0703328249250799E-4 2.7144164892842215E-5 4.9186012595570094E-5
0.3157894736842105 0.8421052631578947 0.5 0.5 0.39594477999997263 0.1430822300000007 0.4609729900000264 9.505279875138273E-5 3.08009572271041E-5 3.341852545732382E-5
0.3157894736842105 0.8947368421052632 0.5 0.5 0.3718627599999756 0.1581410699999993 0.4699961700000273 9.997515918408473E-5 3.85262922552726E-5 3.2916152328005266E-5
0.3157894736842105 0.9473684210526315 0.5 0.5 0.36554475999997454 0.15517038999999996 0.4792848500000262 8.831256054359082E-5 3.563061624762415E-5 3.18348894711995E-5
0.3157894736842105 1.0 0.5 0.5 0.3331086199999796 0.17932821999999599 0.48756316000002103 9.658494569486642E-5 3.6038401631507955E-5 3.710946281101912E-5

0.3684210526315789 0.0 0.5 0.5 0.6282830999999724 1.7360000000000088E-5 0.37169954000005173 1.8782603496414474E-6 1.5042630400000075E-8 1.5930517753282025E-6
0.3684210526315789 0.05263157894736842 0.5 0.5 0.628426869999895 6.745999999999991E-5 0.3715056700000245 3.0824550830144126E-6 1.46675148400001E-7 1.909352898538108E-6
0.3684210526315789 0.10526315789473684 0.5 0.5 0.6346711499999866 1.4591000000000013E-4 0.36518294000009827 7.315416611752834E-6 4.701612719000099E-7 4.100538896267825E-6
0.3684210526315789 0.15789473684210525 0.5 0.5 0.6282149000000001 2.77869999999994E-4 0.3715072300000765 1.2327195935801782E-5 9.700512630999774E-7 6.416402725473169E-6
0.3684210526315789 0.21052631578947367 0.5 0.5 0.6279233999999159 7.69870000000014E-4 0.37130673000005093 5.377042646664831E-5 6.593635183099966E-6 2.2851931693379512E-5
0.3684210526315789 0.2631578947368421 0.5 0.5 0.6291735199999154 0.001987310000000014 0.3688391700001095 9.319891889647547E-5 1.6881427963899273E-5 3.09525106740316E-5
0.3684210526315789 0.3157894736842105 0.5 0.5 0.6258673500000016 0.0025465000000000054 0.3715861500000361 1.9319716691096334E-4 3.352862775000002E-5 6.604790122566317E-5
0.3684210526315789 0.3684210526315789 0.5 0.5 0.6223852499999761 0.004543340000000259 0.37307141000000427 3.575075253788862E-4 6.32022716443909E-5 1.2072063163912072E-4
0.3684210526315789 0.42105263157894735 0.5 0.5 0.6177158799999877 0.008156399999998936 0.3741277200000638 6.638764837897382E-4 1.3278304304001213E-4 2.041848275957936E-4
0.3684210526315789 0.47368421052631576 0.5 0.5 0.6037506899999413 0.01035415000000005 0.38589516000004304 6.358483655333202E-4 1.3426668877750933E-4 1.87504872570049E-4
0.3684210526315789 0.5263157894736842 0.5 0.5 0.5897638299999414 0.02424950999999973 0.38598666000005216 8.277127947420859E-4 1.834626957599296E-4 2.3538007803419747E-4
0.3684210526315789 0.5789473684210527 0.5 0.5 0.582666529999955 0.022957170000000717 0.39437630000005314 0.0015910886547609304 3.568402545911269E-4 4.4437007630271363E-4
0.3684210526315789 0.631578947368421 0.5 0.5 0.5484977999999567 0.041167640000000005 0.4103345600000437 0.0010894349091592481 2.4636817283036185E-4 3.0440136760714886E-4
0.3684210526315789 0.6842105263157895 0.5 0.5 0.5305021999999566 0.04804313000000047 0.42145467000004355 0.0014278024451540028 3.3047149480313525E-4 3.91130230187442E-4
0.3684210526315789 0.7368421052631579 0.5 0.5 0.5018596799999612 0.06497984000000055 0.43316048000003826 7.492016842959304E-4 1.6710640557452729E-4 2.2077529617189895E-4
0.3684210526315789 0.7894736842105263 0.5 0.5 0.480610549999967 0.07176059000000097 0.44762886000003616 4.4875362169516375E-4 9.61344938518547E-5 1.387341571050804E-4
0.3684210526315789 0.8421052631578947 0.5 0.5 0.4433786399999678 0.09647705000000227 0.46014431000003225 3.267591417525917E-4 7.896719629722077E-5 9.491914362319553E-5
0.3684210526315789 0.8947368421052632 0.5 0.5 0.43224839999996884 0.09712476000000243 0.4706268400000301 5.527669754385178E-4 1.396226409421282E-4 1.4781450361534E-4
0.3684210526315789 0.9473684210526315 0.5 0.5 0.4035479499999723 0.11283003000000125 0.48362202000002735 2.9769655979583476E-4 7.791973519941965E-5 8.725255311159419E-5
0.3684210526315789 1.0 0.5 0.5 0.39557276999997404 0.11709810000000061 0.48732913000002737 3.337978775268813E-4 9.42205023904373E-5 9.11713244347856E-5

0.42105263157894735 0.0 0.5 0.5 0.5752394199999886 2.7080000000000483E-5 0.4247335000001192 1.2509060642873493E-6 2.0172673600000364E-8 9.607257216992515E-7
0.42105263157894735 0.05263157894736842 0.5 0.5 0.5674592699998806 6.516999999999897E-5 0.43247556000009657 2.2464781592179683E-6 1.1818587110000156E-7 1.3572186812194076E-6
0.42105263157894735 0.10526315789473684 0.5 0.5 0.5802833200000159 1.6979999999999895E-4 0.4195468799999452 5.632281754930357E-6 4.28735959999999E-7 2.9645603705219514E-6
0.42105263157894735 0.15789473684210525 0.5 0.5 0.5734725499998823 2.174900000000007E-4 0.4263099600000718 1.0849475529761676E-5 7.805930998999951E-7 5.824620797123536E-6
0.42105263157894735 0.21052631578947367 0.5 0.5 0.5734076799999209 6.926899999999937E-4 0.42589963000008496 2.2614789072006314E-5 2.9380835639000564E-6 9.355224824952879E-6
0.42105263157894735 0.2631578947368421 0.5 0.5 0.5801047199999743 7.344599999999967E-4 0.4191608199999497 4.637123966105827E-5 6.236174508399839E-6 1.8689772999735954E-5
0.42105263157894735 0.3157894736842105 0.5 0.5 0.575667090000034 0.0016303599999999822 0.4227025500001529 1.2313777181927055E-4 2.0487488270399802E-5 4.33357284483904E-5
0.42105263157894735 0.3684210526315789 0.5 0.5 0.5739556599999417 0.00233825999999996 0.42370608000008614 1.8306413799429322E-4 3.556321217240009E-5 5.7514788977974796E-5
0.42105263157894735 0.42105263157894735 0.5 0.5 0.5619039200000037 0.003659229999999934 0.43443685000013876 2.492068666239411E-4 4.6099558807098915E-5 8.160610900415088E-5
0.42105263157894735 0.47368421052631576 0.5 0.5 0.5721322399999416 0.00456247999999997 0.4233052800000884 3.404780246447636E-4 5.9150060249596776E-5 1.1636990410865411E-4
0.42105263157894735 0.5263157894736842 0.5 0.5 0.5561790899999721 0.008712419999999645 0.43510849000001767 5.757221097907328E-4 1.2013966374360571E-4 1.714361689213184E-4
0.42105263157894735 0.5789473684210527 0.5 0.5 0.5550962599999502 0.014289420000000677 0.4306143200000539 9.246237920151334E-4 2.030699460635836E-4 2.632258069305282E-4
0.42105263157894735 0.631578947368421 0.5 0.5 0.5353364299999565 0.01982970000000029 0.44483387000004887 8.292827518524004E-4 1.8816094791003523E-4 2.3170193782276471E-4
0.42105263157894735 0.6842105263157895 0.5 0.5 0.5298412099999604 0.022989679999999936 0.4471691100000427 0.0010473733047360323 2.3077161749762698E-4 2.982871548119215E-4
0.42105263157894735 0.7368421052631579 0.5 0.5 0.5210004999999592 0.028203909999999884 0.4507955900000394 0.0012909139917503532 2.78291555711952E-4 3.74303715558133E-4
0.42105263157894735 0.7894736842105263 0.5 0.5 0.4997041999999586 0.04352256999999999 0.4567732300000401 0.0011534308983623953 2.5046857959509284E-4 3.33921812370519E-4
0.42105263157894735 0.8421052631578947 0.5 0.5 0.4829555099999649 0.046167820000000026 0.47087667000003863 0.001371900309636409 3.283742304475883E-4 3.6437915670578525E-4
0.42105263157894735 0.8947368421052632 0.5 0.5 0.46269158999996796 0.05302272000000013 0.484285690000034 6.296180642712257E-4 1.3260889180158678E-4 1.9260322021849574E-4
0.42105263157894735 0.9473684210526315 0.5 0.5 0.44518169999996704 0.06669528000000094 0.48812302000003027 6.585487011107061E-4 1.5138265972162654E-4 1.895170480745445E-4
0.42105263157894735 1.0 0.5 0.5 0.42911992999997084 0.07445786000000133 0.49642221000002884 9.48886219793027E-4 2.3702685222031384E-4 2.4665412171098744E-4

0.47368421052631576 0.0 0.5 0.5 0.5314181599999648 1.1559999999999977E-5 0.4685702799999595 7.578521778461855E-7 6.210366400000065E-9 6.34382754216567E-7
0.47368421052631576 0.05263157894736842 0.5 0.5 0.5219797999999491 4.208000000000056E-5 0.4779781199999852 8.243919302208802E-7 2.1981273600000385E-8 5.919092729289588E-7
0.47368421052631576 0.10526315789473684 0.5 0.5 0.5311756299999646 1.0705999999999972E-4 0.4687173099999577 2.9173570665896875E-6 1.7783615639999793E-7 1.6842093975566463E-6
0.47368421052631576 0.15789473684210525 0.5 0.5 0.5276418000000136 1.9635999999999956E-4 0.47216183999997124 7.3462506874899525E-6 7.258567504000052E-7 3.474281875165408E-6
0.47368421052631576 0.21052631578947367 0.5 0.5 0.5251198299999841 3.519499999999997E-4 0.4745282199999756 1.4174977703507174E-5 1.5127941975000221E-6 6.460257672619152E-6
0.47368421052631576 0.2631578947368421 0.5 0.5 0.5219858200000399 6.772700000000027E-4 0.47733691000012723 3.253969080913022E-5 4.404840347099859E-6 1.3056828518570596E-5
0.47368421052631576 0.3157894736842105 0.5 0.5 0.5206740699998418 0.0011877499999999833 0.47813818000010244 6.658098078221597E-5 1.0770062937500086E-5 2.3881364221767232E-5
0.47368421052631576 0.3684210526315789 0.5 0.5 0.5189431600000519 0.002124410000000088 0.478932430000142 1.2490394507930214E-4 2.3141833151899136E-5 4.077878514385791E-5
0.47368421052631576 0.42105263157894735 0.5 0.5 0.5177988600000084 0.0023439899999999746 0.47985714999993645 1.243928026697927E-4 2.4408937879900655E-5 3.885346899024089E-5
0.47368421052631576 0.47368421052631576 0.5 0.5 0.5187986499999154 0.003351939999999958 0.47784941000002606 2.694753912241832E-4 5.378287423639799E-5 8.333325570783479E-5
0.47368421052631576 0.5263157894736842 0.5 0.5 0.5100307799999712 0.005172479999999757 0.4847967400000264 2.984998445682563E-4 5.7542590649596865E-5 9.479713536481027E-5
0.47368421052631576 0.5789473684210527 0.5 0.5 0.508724439999981 0.0071188499999999535 0.48415670999998456 5.222354026825915E-4 1.1094302367750126E-4 1.5317971702205613E-4
0.47368421052631576 0.631578947368421 0.5 0.5 0.5109207799999538 0.008438189999998773 0.48064103000002883 5.284442861969718E-4 1.1407408852391439E-4 1.5253009554103136E-4
0.47368421052631576 0.6842105263157895 0.5 0.5 0.49738367999997707 0.007400180000000045 0.4952161400000427 3.901684516329218E-4 7.835736596760203E-5 1.1982100748375579E-4
0.47368421052631576 0.7368421052631579 0.5 0.5 0.49595694999995504 0.01403837000000008 0.49000468000003916 7.004158677060279E-4 1.4432078274309492E-4 2.1082771408748036E-4
0.47368421052631576 0.7894736842105263 0.5 0.5 0.49641476999996353 0.017790880000000547 0.48579435000003846 7.804985468410908E-4 1.6107212482557377E-4 2.3537653507138545E-4
0.47368421052631576 0.8421052631578947 0.5 0.5 0.4831846799999597 0.021398769999999852 0.4954165500000382 7.161726533041757E-4 1.5107647748713023E-4 2.1186812109019737E-4
0.47368421052631576 0.8947368421052632 0.5 0.5 0.4844659599999644 0.019210489999999972 0.4963235500000361 7.680790832793605E-4 1.5557297095992702E-4 2.3488678439020916E-4
0.47368421052631576 0.9473684210526315 0.5 0.5 0.4614484999999642 0.031148819999999983 0.5074026800000352 7.89012623750418E-4 1.669609046076418E-4 2.331680908165823E-4
0.47368421052631576 1.0 0.5 0.5 0.4520485599999676 0.03957717999999994 0.5083742600000369 9.180119039252366E-4 2.0490572124761287E-4 2.6403498145105564E-4

0.5263157894736842 0.0 0.5 0.5 0.47083137000007635 1.7380000000000288E-5 0.5291512500001196 5.912068000435422E-7 7.111935600000198E-9 4.715463893800731E-7
0.5263157894736842 0.05263157894736842 0.5 0.5 0.47588904999984677 4.670000000000025E-5 0.5240642500000581 1.6511111742556484E-6 5.344311000000022E-8 1.1210989447896225E-6
0.5263157894736842 0.10526315789473684 0.5 0.5 0.47030076999993486 7.920999999999995E-5 0.5296200200000301 2.58661045698938E-6 9.695077590000158E-8 1.6964672176489337E-6
0.5263157894736842 0.15789473684210525 0.5 0.5 0.4675813999999316 2.8066999999999833E-4 0.532137929999988 8.549918037864535E-6 1.0104173511000224E-6 3.7265883659487464E-6
0.5263157894736842 0.21052631578947367 0.5 0.5 0.4764027600000912 2.5888999999999285E-4 0.5233383500000796 1.0425498319588389E-5 9.250949679000025E-7 5.1543062331016465E-6
0.5263157894736842 0.2631578947368421 0.5 0.5 0.4709655199999145 2.162499999999982E-4 0.5288182300000526 1.0238483214436433E-5 7.475029375000015E-7 5.478904678613006E-6
0.5263157894736842 0.3157894736842105 0.5 0.5 0.47124772000004794 7.406699999999995E-4 0.5280116100001482 2.77520926786623E-5 3.939538951099895E-6 1.0846566065425556E-5
0.5263157894736842 0.3684210526315789 0.5 0.5 0.46754030999991575 7.152400000000093E-4 0.531744449999999 3.440458418257908E-5 4.5712217423999756E-6 1.3938765253018737E-5
0.5263157894736842 0.42105263157894735 0.5 0.5 0.47411890000005896 0.0013726600000000025 0.5245084400001505 6.476420673207084E-5 1.1071376524399912E-5 2.243227869719311E-5
0.5263157894736842 0.47368421052631576 0.5 0.5 0.4750622399998654 0.0034153299999999673 0.5215224300000895 1.9903442622354328E-4 3.953247599110004E-5 6.148641182140979E-5
0.5263157894736842 0.5263157894736842 0.5 0.5 0.4729902699998787 0.0022400000000000362 0.5247697300000579 1.1646367838119565E-4 2.111922399999989E-5 3.881146071404995E-5
0.5263157894736842 0.5789473684210527 0.5 0.5 0.4650796399999282 0.002900900000000064 0.5320194600000245 1.8740492552196675E-4 3.5610657190000715E-5 5.9878793282008846E-5
0.5263157894736842 0.631578947368421 0.5 0.5 0.46025436999996355 0.005274700000000518 0.5344709300000283 2.685841589226967E-4 5.479537390998737E-5 8.149564994680558E-5
0.5263157894736842 0.6842105263157895 0.5 0.5 0.4627957099999943 0.005440180000000119 0.5317641099999872 3.272946065763782E-4 7.09051315675952E-5 9.419455293385726E-5
0.5263157894736842 0.7368421052631579 0.5 0.5 0.4597396999999595 0.004628810000000081 0.5356314900000396 2.2267949191745462E-4 4.0780246983893494E-5 7.340507739245217E-5
0.5263157894736842 0.7894736842105263 0.5 0.5 0.4600295499999788 0.00664158999999989 0.5333288600000107 4.8760372376790984E-4 9.845824327190221E-5 1.4831849108970507E-4
0.5263157894736842 0.8421052631578947 0.5 0.5 0.45046789999996756 0.009954819999999852 0.5395772800000401 4.4085574958788176E-4 9.237004276761456E-5 1.3109238379388488E-4
0.5263157894736842 0.8947368421052632 0.5 0.5 0.45145383999997113 0.010824310000000104 0.5377218500000375 4.044248252525473E-4 8.460482602390351E-5 1.2051878357705048E-4
0.5263157894736842 0.9473684210526315 0.5 0.5 0.4554036299999695 0.011504390000000041 0.5330919800000237 8.847552578274687E-4 1.992810997279082E-4 2.4533466569581774E-4
0.5263157894736842 1.0 0.5 0.5 0.4468196099999647 0.012020629999999342 0.5411597600000387 6.692165484527557E-4 1.3397278140311569E-4 2.064871047344763E-4

0.5789473684210527 0.0 0.5 0.5 0.43006054000001637 9.32999999999996E-6 0.5699301299999393 3.809908324381439E-7 4.0639511000000415E-9 3.131772853270931E-7
0.5789473684210527 0.05263157894736842 0.5 0.5 0.4238691199999349 3.908000000000086E-5 0.5760918000000432 1.0585984843991536E-6 2.6556753600000084E-8 7.613828019170654E-7
0.5789473684210527 0.10526315789473684 0.5 0.5 0.42195775999994173 2.594000000000034E-5 0.5780163000000672 1.25812779860901E-6 2.5565116400000217E-8 9.376802613814128E-7
0.5789473684210527 0.15789473684210525 0.5 0.5 0.4102208699999017 1.4735999999999645E-4 0.5896317700001034 3.2518355162491908E-6 3.093450303999923E-7 1.5677536568947659E-6
0.5789473684210527 0.21052631578947367 0.5 0.5 0.4267391799999308 1.9419999999999938E-4 0.5730666200000757 8.42419897878477E-6 6.943543600000033E-7 4.326585700487051E-6
0.5789473684210527 0.2631578947368421 0.5 0.5 0.421829630000025 3.391899999999932E-4 0.5778311800000123 9.418614991846264E-6 1.1763431438999964E-6 3.981395860386261E-6
0.5789473684210527 0.3157894736842105 0.5 0.5 0.4304168599999253 3.4603999999999944E-4 0.5692370999999812 1.667674376265582E-5 1.8946303183999896E-6 7.357085656523044E-6
0.5789473684210527 0.3684210526315789 0.5 0.5 0.4124418800000156 8.003900000000147E-4 0.58675773000002 2.5062638000977744E-5 3.686296847899881E-6 9.62544432664414E-6
0.5789473684210527 0.42105263157894735 0.5 0.5 0.4147069700000564 5.978199999999985E-4 0.584695209999984 2.6292436372449268E-5 3.476733247599999E-6 1.0714928078914276E-5
0.5789473684210527 0.47368421052631576 0.5 0.5 0.4237111599998773 0.0011636400000000074 0.5751252000001177 5.422198756444008E-5 8.21101995040009E-6 2.035034682956738E-5
0.5789473684210527 0.5263157894736842 0.5 0.5 0.42246239999999996 0.002116320000000072 0.5754212799999752 8.642863818716928E-5 1.8034965657599524E-5 2.581532129236619E-5
0.5789473684210527 0.5789473684210527 0.5 0.5 0.41493072999995034 0.0023075100000000412 0.582761759999914 9.908575268000042E-5 1.8965938599899123E-5 3.155008386840352E-5
0.5789473684210527 0.631578947368421 0.5 0.5 0.41714847999991916 0.002279139999999996 0.5805723800000957 9.927570572348943E-5 2.0060344860400193E-5 3.0503561085359898E-5
0.5789473684210527 0.6842105263157895 0.5 0.5 0.41443153999992494 0.0018891700000000062 0.5836792900000097 1.0447293325641094E-4 1.754090771109908E-5 3.674204609338538E-5
0.5789473684210527 0.7368421052631579 0.5 0.5 0.41067177999996474 0.0036342399999999397 0.5856939800000294 1.6253984163489E-4 3.378159762240175E-5 4.887886975091238E-5
0.5789473684210527 0.7894736842105263 0.5 0.5 0.41191162999997677 0.00510227000000004 0.5829861000000517 2.2827636373273785E-4 4.720331984709473E-5 6.846491477202621E-5
0.5789473684210527 0.8421052631578947 0.5 0.5 0.4115940199999465 0.004271360000000049 0.5841346200001024 2.6129454227041826E-4 5.1719015750396264E-5 8.100337540234426E-5
0.5789473684210527 0.8947368421052632 0.5 0.5 0.4166109799999657 0.0037396500000000175 0.5796493699999868 2.2542135941694408E-4 4.4226882877501406E-5 7.032442361576408E-5
0.5789473684210527 0.9473684210526315 0.5 0.5 0.40280613999996445 0.005940180000000049 0.5912536800000092 3.3836178230528535E-4 7.049497556759483E-5 1.0120553451498093E-4
0.5789473684210527 1.0 0.5 0.5 0.40424034999998626 0.006124549999999876 0.589635099999979 3.533168888316951E-4 7.431451029749829E-5 1.0455735011744016E-4

0.631578947368421 0.0 0.5 0.5 0.371731820000025 1.0009999999999984E-5 0.6282581700000253 5.224794356051277E-7 4.524799900000032E-9 4.3869120963657693E-7
0.631578947368421 0.05263157894736842 0.5 0.5 0.37123598999990165 3.45100000000007E-5 0.6287294999999163 1.2782797781107913E-6 3.123205989999939E-8 9.182999712309403E-7
0.631578947368421 0.10526315789473684 0.5 0.5 0.3626539799999505 4.227000000000148E-5 0.6373037500000817 8.042341729797009E-7 2.366624710000099E-8 5.599689089086368E-7
0.631578947368421 0.15789473684210525 0.5 0.5 0.37446379999991325 1.2911999999999863E-4 0.6254070800001296 2.311905625246302E-6 1.5856602559999817E-7 1.292691658494327E-6
0.631578947368421 0.21052631578947367 0.5 0.5 0.3644462799999967 1.3422999999999997E-4 0.6354194900000335 2.567608139797395E-6 2.6909330709999644E-7 1.1940070785976253E-6
0.631578947368421 0.2631578947368421 0.5 0.5 0.3790448599999823 1.7546999999999786E-4 0.62077967000004 5.433393593018421E-6 5.143332791000035E-7 2.6434137081476905E-6
0.631578947368421 0.3157894736842105 0.5 0.5 0.3648247400000117 2.3936000000000156E-4 0.6349359000001576 6.707013879170276E-6 4.854807904000192E-7 3.666773097377174E-6
0.631578947368421 0.3684210526315789 0.5 0.5 0.37547087000002255 3.0464999999999084E-4 0.6242244800000387 1.0574932414880722E-5 1.1409753775000054E-6 4.816476762981026E-6
0.631578947368421 0.42105263157894735 0.5 0.5 0.36437804000001295 4.3824999999999724E-4 0.6351837100001589 1.373924170430807E-5 1.6478539375000108E-6 5.9136595430553385E-6
0.631578947368421 0.47368421052631576 0.5 0.5 0.3723976500000051 6.322100000000309E-4 0.6269701400000708 2.2047013477966004E-5 2.8716775158999312E-6 9.06436030018165E-6
0.631578947368421 0.5263157894736842 0.5 0.5 0.36898336999990694 6.00890000000018E-4 0.6304157400000837 2.7696626470202768E-5 3.732400207900003E-6 1.1168172125153308E-5
0.631578947368421 0.5789473684210527 0.5 0.5 0.364132250000028 0.00113816999999999 0.6347295800000332 5.368177891054704E-5 9.563864051099971E-6 1.8010010946423183E-5
0.631578947368421 0.631578947368421 0.5 0.5 0.3642866399999606 0.0011551900000000151 0.634558170000085 4.969004751662065E-5 8.854149063899706E-6 1.6687225206535317E-5
0.631578947368421 0.6842105263157895 0.5 0.5 0.36075417999993564 0.001377589999999978 0.6378682299999976 4.054518255577899E-5 5.862694791900018E-6 1.5794163775062486E-5
0.631578947368421 0.7368421052631579 0.5 0.5 0.3708709099999291 0.0016633899999999838 0.6274656999999395 5.053999480514326E-5 8.425902707900088E-6 1.7908697610813373E-5
0.631578947368421 0.7894736842105263 0.5 0.5 0.3606928599999611 0.0018633400000000319 0.6374437999999674 8.319225501765559E-5 1.5547874044399823E-5 2.7161593689317698E-5
0.631578947368421 0.8421052631578947 0.5 0.5 0.36204759000001185 0.002641460000000026 0.6353109499999422 1.0609348417672804E-4 2.0195109068399514E-5 3.4092257248374835E-5
0.631578947368421 0.8947368421052632 0.5 0.5 0.37101987999994573 0.0019674999999999354 0.6270126199999912 8.915549679702761E-5 1.5220033750000753E-5 3.1250142818406434E-5
0.631578947368421 0.9473684210526315 0.5 0.5 0.37023928000003825 0.0021872799999999785 0.6275734400000087 1.2401494300293137E-4 2.3258724201599754E-5 4.018571252295544E-5
0.631578947368421 1.0 0.5 0.5 0.3705925699999562 0.0031681100000000286 0.6262393200001033 1.6023444580104407E-4 3.0709984027898445E-5 5.096349379640763E-5

0.6842105263157895 0.0 0.5 0.5 0.31020940999992735 1.17799999999999E-5 0.6897788100001674 1.5417849677512585E-7 1.1752316000000384E-9 1.3539586829480754E-7
0.6842105263157895 0.05263157894736842 0.5 0.5 0.3121362199999439 2.187000000000031E-5 0.6878419100001157 5.503141155410729E-7 1.283870309999989E-8 3.978603421717075E-7
0.6842105263157895 0.10526315789473684 0.5 0.5 0.3069832200000107 3.801000000000051E-5 0.692978769999891 8.741004024065413E-7 3.211623989999948E-8 5.743504742361516E-7
0.6842105263157895 0.15789473684210525 0.5 0.5 0.3221742300000611 7.236000000000014E-5 0.6777534100000195 2.0404748720392885E-6 1.0077203040000095E-7 1.2444063041128217E-6
0.6842105263157895 0.21052631578947367 0.5 0.5 0.31789312000000236 4.213000000000165E-5 0.6820647500001414 8.865106570082881E-7 3.380806309999975E-8 5.814081906474478E-7
0.6842105263157895 0.2631578947368421 0.5 0.5 0.31023851999993884 1.0811000000000086E-4 0.6896533700000945 1.8247062359838528E-6 1.5112922790000322E-7 9.468744379681482E-7
0.6842105263157895 0.3157894736842105 0.5 0.5 0.31490199000003805 3.661799999999878E-4 0.6847318300001174 9.039038994504422E-6 1.3590302076000128E-6 3.451953677069408E-6
0.6842105263157895 0.3684210526315789 0.5 0.5 0.31195699999992615 1.3203000000000043E-4 0.6879109700000113 2.788713020063227E-6 2.879070790999979E-7 1.2999727295737173E-6
0.6842105263157895 0.42105263157894735 0.5 0.5 0.3131429900000322 2.0594999999999915E-4 0.6866510599999595 4.813064849867876E-6 5.153755974999962E-7 2.197023059646863E-6
0.6842105263157895 0.47368421052631576 0.5 0.5 0.3093725500000128 4.86949999999975E-4 0.6901404999999917 1.1477109499419269E-5 1.5397166975000194E-6 4.6953657836246165E-6
0.6842105263157895 0.5263157894736842 0.5 0.5 0.3130436299999907 2.665999999999931E-4 0.6866897700001556 7.577207409487086E-6 7.83822440000009E-7 3.5662922319712465E-6
0.6842105263157895 0.5789473684210527 0.5 0.5 0.3083009099999577 2.7234999999998973E-4 0.6914267399999556 6.56227616796512E-6 7.436664775000286E-7 2.919293140002388E-6
0.6842105263157895 0.631578947368421 0.5 0.5 0.3171837799999943 4.6776999999999333E-4 0.6823484500000683 1.7352884893837017E-5 2.29916422710002E-6 7.063329489298553E-6
0.6842105263157895 0.6842105263157895 0.5 0.5 0.30873770000001943 4.673000000000016E-4 0.6907949999999312 1.3488882673343139E-5 2.132634709999973E-6 4.992144994386827E-6
0.6842105263157895 0.7368421052631579 0.5 0.5 0.3198322000000096 6.559500000000039E-4 0.6795118500000599 2.2536415154414402E-5 2.9814985975000553E-6 9.20443857577169E-6
0.6842105263157895 0.7894736842105263 0.5 0.5 0.3186746000000183 7.388500000000031E-4 0.6805865500000611 2.5391218802475746E-5 4.092831677499997E-6 9.154460113680596E-6
0.6842105263157895 0.8421052631578947 0.5 0.5 0.3099861999999574 6.396800000000181E-4 0.6893741199999524 1.6742195570587648E-5 2.3440014976000154E-6 6.788270405289065E-6
0.6842105263157895 0.8947368421052632 0.5 0.5 0.3143900299999602 0.0011222100000000065 0.6844877600000047 5.088011359472011E-5 9.011975715899924E-6 1.7188748134333576E-5
0.6842105263157895 0.9473684210526315 0.5 0.5 0.30727109999997837 8.301199999999958E-4 0.6918987799999001 2.1321198810861364E-5 2.903796785600038E-6 8.614072565082953E-6
0.6842105263157895 1.0 0.5 0.5 0.31023259000002695 0.0016554799999999718 0.6881119300000336 3.998882485568844E-5 7.253333969600713E-6 1.3431090688964531E-5

0.7368421052631579 0.0 0.5 0.5 0.26118707999993074 1.1329999999999917E-5 0.7388015900000285 2.5790509627920954E-7 2.280631099999963E-9 2.145983984958022E-7
0.7368421052631579 0.05263157894736842 0.5 0.5 0.2546063299999903 1.1889999999999942E-5 0.7453817800000976 1.8674692209286192E-7 4.3956279000000685E-9 1.3602404902446352E-7
0.7368421052631579 0.10526315789473684 0.5 0.5 0.26646188000005216 4.4440000000001506E-5 0.7334936800000403 3.4643684576618483E-7 2.2085086400000804E-8 2.011340016760954E-7
0.7368421052631579 0.15789473684210525 0.5 0.5 0.26201852999996195 3.329000000000036E-5 0.7379481800001467 5.894796654137835E-7 2.3014775900000315E-8 3.854784047518933E-7
0.7368421052631579 0.21052631578947367 0.5 0.5 0.2525092399999555 4.537000000000146E-5 0.7474453900001428 5.418166278831071E-7 2.8548563100000448E-8 3.2950461614777993E-7
0.7368421052631579 0.2631578947368421 0.5 0.5 0.26010947000003387 8.534000000000053E-5 0.7398051900000955 1.3724373046780647E-6 1.2027908440000178E-7 6.883679984914792E-7
0.7368421052631579 0.3157894736842105 0.5 0.5 0.267740009999942 1.1033000000000033E-4 0.732149660000182 1.7361242224261941E-6 1.6274029109999884E-7 8.534936533077797E-7
0.7368421052631579 0.3684210526315789 0.5 0.5 0.26973891999999094 4.578000000000047E-5 0.7302152999999152 1.1916212283719085E-6 5.434219159999961E-8 7.461379756268371E-7
0.7368421052631579 0.42105263157894735 0.5 0.5 0.26794143999998143 1.3983999999999958E-4 0.7319187200000911 3.1370947305153773E-6 3.31498774399997E-7 1.439187382823448E-6
0.7368421052631579 0.47368421052631576 0.5 0.5 0.26031250999995764 8.848999999999974E-5 0.7395990000001315 1.6122725064043886E-6 1.5627451990000206E-7 7.81250838466363E-7
0.7368421052631579 0.5263157894736842 0.5 0.5 0.2637338499999661 2.161799999999993E-4 0.7360499699999722 2.886673184862576E-6 4.0366020759998865E-7 1.1505200888661804E-6
0.7368421052631579 0.5789473684210527 0.5 0.5 0.2585201899999629 1.9894000000000053E-4 0.7412808700001778 3.232981373238464E-6 3.408908763999969E-7 1.5039708413100428E-6
0.7368421052631579 0.631578947368421 0.5 0.5 0.2610565000000002 4.3639999999999673E-4 0.7385070999999419 8.135395756822539E-6 1.2386870400000225E-6 3.1087056365786125E-6
0.7368421052631579 0.6842105263157895 0.5 0.5 0.26489518999998285 3.1770999999999265E-4 0.7347870999999337 7.1778438710673464E-6 8.628353559000176E-7 3.105385677604211E-6
0.7368421052631579 0.7368421052631579 0.5 0.5 0.2605623699999322 2.599299999999867E-4 0.7391777000000187 5.30787900390739E-6 5.291353951000277E-7 2.5461866433040825E-6
0.7368421052631579 0.7894736842105263 0.5 0.5 0.2590521499999421 4.01469999999964E-4 0.7405463800000633 9.51820339172016E-6 1.034280839100048E-6 4.352180774103154E-6
0.7368421052631579 0.8421052631578947 0.5 0.5 0.2637035999999621 3.968299999999891E-4 0.7358995700001364 9.872515060210807E-6 1.3861889511000308E-6 3.937924569763496E-6
0.7368421052631579 0.8947368421052632 0.5 0.5 0.2615988200000444 5.002800000000045E-4 0.737900900000037 1.255950458667332E-5 1.8434579215999923E-6 4.878445099554263E-6
0.7368421052631579 0.9473684210526315 0.5 0.5 0.2685870499999936 5.685299999999986E-4 0.730844419999943 1.4377175289972954E-5 2.3814666391000234E-6 5.1084768812881265E-6
0.7368421052631579 1.0 0.5 0.5 0.2580186800000585 4.2412999999999127E-4 0.7415571899998414 1.0945231027778557E-5 1.536026743099998E-6 4.33621448514554E-6

0.7894736842105263 0.0 0.5 0.5 0.20275883000003192 1.3199999999999973E-6 0.797239850000048 4.533801362116563E-8 1.3025759999999983E-10 4.1055004063039746E-8
0.7894736842105263 0.05263157894736842 0.5 0.5 0.20930144999997424 1.5649999999999964E-5 0.7906829000001244 1.893929046231646E-7 3.4460774999999592E-9 1.5108347428682833E-7
0.7894736842105263 0.10526315789473684 0.5 0.5 0.21266783000004352 2.8900000000000218E-5 0.7873032699998462 2.8040007439555925E-7 1.8958790000000348E-8 1.5604856795636834E-7
0.7894736842105263 0.15789473684210525 0.5 0.5 0.20620679999995692 8.939999999999953E-6 0.7937842600001482 1.9968177683571398E-7 2.6880763999999886E-9 1.5780791773334357E-7
0.7894736842105263 0.21052631578947367 0.5 0.5 0.20298628999997234 9.569999999999949E-6 0.7970041399999345 3.19731050898997E-7 3.837415100000011E-9 2.57055041807952E-7
0.7894736842105263 0.2631578947368421 0.5 0.5 0.20806164999999388 8.47199999999993E-5 0.7918536300001037 8.428942678898044E-7 9.331652160000063E-8 3.982287868353751E-7
0.7894736842105263 0.3157894736842105 0.5 0.5 0.21386130999995728 1.004600000000026E-4 0.7860382300001645 1.1421721063595291E-6 8.999778840000496E-8 6.091191685486663E-7
0.7894736842105263 0.3684210526315789 0.5 0.5 0.21366991000002927 1.1509999999999972E-4 0.7862149900001131 1.2218275707159831E-6 1.5410999000000374E-7 5.144500124787399E-7
0.7894736842105263 0.42105263157894735 0.5 0.5 0.21616773000004125 9.617999999999937E-5 0.7837360900000422 1.2403776342082007E-6 1.1698740760000204E-7 6.031825046104444E-7
0.7894736842105263 0.47368421052631576 0.5 0.5 0.21078913999996604 7.596000000000001E-5 0.7891348999999425 7.273520629819119E-7 8.788607840000215E-8 3.175980329839234E-7
0.7894736842105263 0.5263157894736842 0.5 0.5 0.20612606000002898 1.389199999999997E-4 0.7937350200000645 1.6506688612152876E-6 2.2709123359999984E-7 6.605794692360334E-7
0.7894736842105263 0.5789473684210527 0.5 0.5 0.21442832000004683 1.722100000000003E-4 0.7853994700000391 1.5048419522503687E-6 2.002127159000031E-7 6.373248153668243E-7
0.7894736842105263 0.631578947368421 0.5 0.5 0.21389491999999452 5.826000000000087E-5 0.786046819999914 7.044681903586869E-7 4.949377240000054E-8 3.882979278113652E-7
0.7894736842105263 0.6842105263157895 0.5 0.5 0.2120805300000111 3.4638999999997563E-4 0.7875730800000929 5.420183910198606E-6 8.862849678999685E-7 1.9452331049274463E-6
0.7894736842105263 0.7368421052631579 0.5 0.5 0.21199833000003723 1.296699999999993E-4 0.7878719999998901 2.0554221975277454E-6 2.643526910999984E-7 8.846563316344813E-7
0.7894736842105263 0.7894736842105263 0.5 0.5 0.20540567999995166 1.6501000000000303E-4 0.7944293100000148 2.443937755988723E-6 1.964686999000003E-7 1.2856979725306417E-6
0.7894736842105263 0.8421052631578947 0.5 0.5 0.21451863999997553 2.455299999999973E-4 0.7852358299999391 4.357720566096346E-6 6.390920191000061E-7 1.6814732226588802E-6
0.7894736842105263 0.8947368421052632 0.5 0.5 0.2126488899999769 1.9583000000000192E-4 0.7871552799999809 2.8001907660946124E-6 4.032456110999963E-7 1.1011560119289499E-6
0.7894736842105263 0.9473684210526315 0.5 0.5 0.2090030699999814 1.4867999999999807E-4 0.790848249999962 3.4855895848090457E-6 3.88272257599998E-7 1.565553120808083E-6
0.7894736842105263 1.0 0.5 0.5 0.21137826999995502 2.58219999999994E-4 0.7883635099999652 5.230566824436511E-6 6.959084316000039E-7 2.1249176127557945E-6

0.8421052631578947 0.0 0.5 0.5 0.15255021999999854 9.999999999999998E-8 0.8474496800001928 4.373594750597953E-8 9.99E-12 4.3303490904200714E-8
0.8421052631578947 0.05263157894736842 0.5 0.5 0.16091057999999644 9.489999999999996E-6 0.8390799300001812 1.4290206772765712E-7 3.986939900000012E-9 1.0454996257625027E-7
0.8421052631578947 0.10526315789473684 0.5 0.5 0.16311258999996972 1.1499999999999929E-5 0.8368759100000522 1.5123049470003314E-7 3.6957500000000155E-9 1.0947844342190649E-7
0.8421052631578947 0.15789473684210525 0.5 0.5 0.1540126599999626 1.3189999999999936E-5 0.8459741500001887 1.452337337476406E-7 5.1990239000000605E-9 9.723035243602851E-8
0.8421052631578947 0.21052631578947367 0.5 0.5 0.15300870999999677 1.8189999999999987E-5 0.8469730999999857 1.8232313870117367E-7 6.5761239000000615E-9 1.2566040430428416E-7
0.8421052631578947 0.2631578947368421 0.5 0.5 0.15274161000000944 7.300000000000138E-5 0.8471853899999005 2.664596080760584E-7 3.9446999999997805E-8 1.0861769550452038E-7
0.8421052631578947 0.3157894736842105 0.5 0.5 0.1596820899999892 2.7470000000000172E-5 0.8402904399998897 3.4168224152808513E-7 2.3680399100000226E-8 1.8915277855136026E-7
0.8421052631578947 0.3684210526315789 0.5 0.5 0.15623064000000708 6.695000000000184E-5 0.8437024100000393 2.4319518357809877E-7 3.274069749999819E-8 1.0794510085787579E-7
0.8421052631578947 0.42105263157894735 0.5 0.5 0.1609432400000287 3.904000000000144E-5 0.8390177199998341 4.088682880286354E-7 2.6253878400000446E-8 2.318622006614035E-7
0.8421052631578947 0.47368421052631576 0.5 0.5 0.16057139000001172 7.506000000000008E-5 0.8393535500000867 8.996284658162323E-7 8.610399640000116E-8 4.368071492288905E-7
0.8421052631578947 0.5263157894736842 0.5 0.5 0.15936739999997554 3.7820000000000976E-5 0.84059478000002 2.832592439216963E-7 2.3481647600000177E-8 1.4611280474419175E-7
0.8421052631578947 0.5789473684210527 0.5 0.5 0.1588677400000231 2.962000000000032E-5 0.8411026400000634 2.890032821355193E-7 1.7706655600000546E-8 1.6545474768037138E-7
0.8421052631578947 0.631578947368421 0.5 0.5 0.1574721700000148 1.7120000000000178E-5 0.8425107099998859 3.4132449015789046E-7 1.1760905599999962E-8 2.351846110082434E-7
0.8421052631578947 0.6842105263157895 0.5 0.5 0.15937094000000573 7.703999999999967E-5 0.8405520199998374 5.995515178491839E-7 7.87468384000012E-8 2.490902849539012E-7
0.8421052631578947 0.7368421052631579 0.5 0.5 0.15891358999999547 1.8010000000000158E-5 0.8410683999998786 6.312443158636161E-7 1.2840639899999805E-8 4.858476635449804E-7
0.8421052631578947 0.7894736842105263 0.5 0.5 0.15912080999997855 3.80400000000003E-5 0.84084114999993 5.15251950286566E-7 3.342695839999984E-8 2.9151187352915997E-7
0.8421052631578947 0.8421052631578947 0.5 0.5 0.16461075999999855 8.867999999999985E-5 0.8353005599998532 9.13016219575985E-7 8.541385760000051E-8 4.484298352647187E-7
0.8421052631578947 0.8947368421052632 0.5 0.5 0.1562411000000066 3.789000000000093E-5 0.8437210100000476 3.2453078359362397E-7 1.983534790000038E-8 1.925294738081007E-7
0.8421052631578947 0.9473684210526315 0.5 0.5 0.16254289000002103 3.7820000000000665E-5 0.8374192899998109 3.89375437968853E-7 2.867964760000045E-8 2.094373210415057E-7
0.8421052631578947 1.0 0.5 0.5 0.15629048000003248 5.7960000000000414E-5 0.8436515599998662 7.78617355645661E-7 6.15626384000007E-8 4.06457717039288E-7

0.8947368421052632 0.0 0.5 0.5 0.10416458999998128 4.319999999999974E-6 0.8958310900000985 3.434513623501445E-8 6.953375999999994E-10 2.5864303254685694E-8
0.8947368421052632 0.05263157894736842 0.5 0.5 0.10227719999999971 3.3499999999999836E-6 0.8977194499999069 1.4340159263173669E-8 7.397774999999992E-10 9.534900979879524E-9
0.8947368421052632 0.10526315789473684 0.5 0.5 0.10424173000001807 1.541999999999992E-5 0.8957428499998976 4.142960544593899E-8 5.3142236000000966E-9 1.8553018343858696E-8
0.8947368421052632 0.15789473684210525 0.5 0.5 0.10491289999999734 9.989999999999984E-6 0.8950771099998934 1.6171159272597435E-7 4.5851999000000465E-9 1.1817933975866168E-7
0.8947368421052632 0.21052631578947367 0.5 0.5 0.10193738000001616 1.691000000000013E-5 0.8980457100000544 7.972073478267061E-8 4.1630519000000635E-9 5.250748180696263E-8
0.8947368421052632 0.2631578947368421 0.5 0.5 0.10215088000001789 1.6590000000000033E-5 0.8978325300001438 4.8203223534243334E-8 5.435771900000127E-9 2.229267725972761E-8
0.8947368421052632 0.3157894736842105 0.5 0.5 0.1063730500000232 2.800000000000001E-7 0.8936266700001326 1.382869331024994E-8 2.79216E-11 1.3303535828512736E-8
0.8947368421052632 0.3684210526315789 0.5 0.5 0.09570626999998828 1.888000000000018E-5 0.9042748500001129 1.4801368939353077E-7 8.407545599999953E-9 8.777019067096603E-8
0.8947368421052632 0.42105263157894735 0.5 0.5 0.10255059999998861 3.419999999999985E-6 0.8974459799997988 5.921364494045067E-8 9.083035999999986E-10 4.7625992039002085E-8
0.8947368421052632 0.47368421052631576 0.5 0.5 0.10794885000001996 4.63999999999998E-6 0.8920465100000974 8.58546737956406E-8 1.6984704000000066E-9 6.581150657769541E-8
0.8947368421052632 0.5263157894736842 0.5 0.5 0.10577794000001449 5.054999999999965E-5 0.8941715099998545 1.1501735344178476E-7 1.829369750000029E-8 5.243349510131168E-8
0.8947368421052632 0.5789473684210527 0.5 0.5 0.11243462000001374 1.1799999999999933E-5 0.8875535799999421 9.626145222943472E-8 2.6507599999999794E-9 6.924113860051762E-8
0.8947368421052632 0.631578947368421 0.5 0.5 0.10320702000001858 7.279999999999969E-6 0.8967857000001244 1.3442271605546008E-7 2.98100159999999E-9 1.0415336337832315E-7
0.8947368421052632 0.6842105263157895 0.5 0.5 0.10388328999997892 2.494000000000024E-5 0.8960917700001585 2.197757795873584E-7 1.1211996400000005E-8 1.3531685139067662E-7
0.8947368421052632 0.7368421052631579 0.5 0.5 0.10796777000000012 4.058000000000037E-5 0.8919916499998614 2.1496022516859226E-7 1.9373263600000393E-8 1.1027359791970781E-7
0.8947368421052632 0.7894736842105263 0.5 0.5 0.10052943000002076 1.6870000000000155E-5 0.899453699999845 8.485086972626066E-8 4.142403100000101E-9 5.404467218195208E-8
0.8947368421052632 0.8421052631578947 0.5 0.5 0.10792934000000012 5.640999999999996E-5 0.8920142499998607 3.32245162482786E-7 3.4130911899999087E-8 1.5886026005773601E-7
0.8947368421052632 0.8947368421052632 0.5 0.5 0.10168581999998802 4.0250000000000694E-5 0.8982739300001165 1.710689288073053E-7 1.636493750000046E-8 9.481310314640723E-8
0.8947368421052632 0.9473684210526315 0.5 0.5 0.10205499999999804 5.059999999999977E-6 0.8979399399998579 5.1385001477791126E-8 1.1123964000000115E-9 3.8213171293932646E-8
0.8947368421052632 1.0 0.5 0.5 0.10160272000000502 2.268000000000054E-5 0.8983745999998585 1.1733859929530244E-7 5.619617600000336E-9 7.71972001878396E-8

0.9473684210526315 0.0 0.5 0.5 0.054772090000006414 0.0 0.9452279099998852 1.3674031518629698E-8 0.0 1.3674160026511117E-8
0.9473684210526315 0.05263157894736842 0.5 0.5 0.05264882000001158 8.100000000000006E-7 0.9473503700001519 4.7318606699597865E-8 8.03439E-11 4.5151626992812055E-8
0.9473684210526315 0.10526315789473684 0.5 0.5 0.056181089999993904 0.0 0.943818909999786 7.081412274709958E-9 0.0 7.081642827699852E-9
0.9473684210526315 0.15789473684210525 0.5 0.5 0.05499080999999031 0.0 0.9450091899999747 2.8625446171423596E-9 0.0 2.862827863658879E-9
0.9473684210526315 0.21052631578947367 0.5 0.5 0.05057415000000747 7.169999999999952E-6 0.9494186799998956 1.417277660552621E-8 1.3235911000000032E-9 7.62149487965047E-9
0.9473684210526315 0.2631578947368421 0.5 0.5 0.05088482999999393 7.159999999999952E-6 0.94910800999977 5.802871411685062E-9 1.2727344000000014E-9 2.2913235753208028E-9
0.9473684210526315 0.3157894736842105 0.5 0.5 0.05326772999999423 1.078999999999994E-5 0.9467214799998662 1.333564836683565E-8 2.830575899999989E-9 5.123010571317366E-9
0.9473684210526315 0.3684210526315789 0.5 0.5 0.053169560000010926 1.1889999999999913E-5 0.9468185500001178 1.1419405414759415E-8 2.023627899999969E-9 4.252891261380398E-9
0.9473684210526315 0.42105263157894735 0.5 0.5 0.05494037999999032 2.1780000000000184E-5 0.9450378399999765 3.963545632066495E-8 6.6376316000001245E-9 1.6356415222240628E-8
0.9473684210526315 0.47368421052631576 0.5 0.5 0.04898231000000438 3.3099999999999882E-6 0.9510143800000891 3.720062993328027E-9 6.20043899999999E-10 2.0951438362004637E-9
0.9473684210526315 0.5263157894736842 0.5 0.5 0.05283960999999629 1.224999999999997E-5 0.9471481400002442 7.318004811634679E-8 4.650937500000105E-9 4.252024532469534E-8
0.9473684210526315 0.5789473684210527 0.5 0.5 0.05588534999999783 4.749999999999965E-6 0.9441098999999088 5.412377374839489E-9 4.52437499999999E-10 3.2899961643906295E-9
0.9473684210526315 0.631578947368421 0.5 0.5 0.04995559999999712 2.6770000000000067E-5 0.9500176299998391 1.890464007298781E-8 6.368367100000213E-9 5.208323106131729E-9
0.9473684210526315 0.6842105263157895 0.5 0.5 0.05654048999999165 1.951000000000013E-5 0.9434399999999272 4.3291561258995E-8 5.032359900000119E-9 1.9556248731511516E-8
0.9473684210526315 0.7368421052631579 0.5 0.5 0.04964937999999987 2.1300000000000216E-5 0.9503293199999651 3.061961587969356E-8 6.61231000000012E-9 1.04045067006453E-8
0.9473684210526315 0.7894736842105263 0.5 0.5 0.05028708000000965 0.0 0.9497129200002026 5.389072324241823E-9 0.0 5.388831048058762E-9
0.9473684210526315 0.8421052631578947 0.5 0.5 0.05233040999998712 2.547000000000091E-5 0.9476441199999291 3.982023359487552E-8 6.058279100000222E-9 1.6439580474703064E-8
0.9473684210526315 0.8947368421052632 0.5 0.5 0.0550654800000022 3.10999999999998E-6 0.9449314099997616 2.0064369175235713E-8 3.393278999999992E-10 1.5667019570564378E-8
0.9473684210526315 0.9473684210526315 0.5 0.5 0.054444679999990156 6.499999999999983E-6 0.9455488200001927 7.844569889590286E-8 1.7697500000000188E-9 5.805017955218261E-8
0.9473684210526315 1.0 0.5 0.5 0.05245240999999864 1.765999999999995E-5 0.9475299300000998 4.3856192583763276E-8 8.636124399999992E-9 1.4869092734848266E-8

1.0 0.0 0.5 0.5 0.0 0.0 0.9999999999999062 0.0 0.0 9.381384558082573E-14
1.0 0.05263157894736842 0.5 0.5 0.0 0.0 0.9999999999999062 0.0 0.0 9.381384558082573E-14
1.0 0.10526315789473684 0.5 0.5 0.0 0.0 0.9999999999999062 0.0 0.0 9.381384558082573E-14
1.0 0.15789473684210525 0.5 0.5 0.0 0.0 0.9999999999999062 0.0 0.0 9.381384558082573E-14
1.0 0.21052631578947367 0.5 0.5 0.0 0.0 0.9999999999999062 0.0 0.0 9.381384558082573E-14
1.0 0.2631578947368421 0.5 0.5 0.0 0.0 0.9999999999999062 0.0 0.0 9.381384558082573E-14
1.0 0.3157894736842105 0.5 0.5 0.0 0.0 0.9999999999999062 0.0 0.0 9.381384558082573E-14
1.0 0.3684210526315789 0.5 0.5 0.0 0.0 0.9999999999999062 0.0 0.0 9.381384558082573E-14
1.0 0.42105263157894735 0.5 0.5 0.0 0.0 0.9999999999999062 0.0 0.0 9.381384558082573E-14
1.0 0.47368421052631576 0.5 0.5 0.0 0.0 0.9999999999999062 0.0 0.0 9.381384558082573E-14
1.0 0.5263157894736842 0.5 0.5 0.0 0.0 0.9999999999999062 0.0 0.0 9.381384558082573E-14
1.0 0.5789473684210527 0.5 0.5 0.0 0.0 0.9999999999999062 0.0 0.0 9.381384558082573E-14
1.0 0.631578947368421 0.5 0.5 0.0 0.0 0.9999999999999062 0.0 0.0 9.381384558082573E-14
1.0 0.6842105263157895 0.5 0.5 0.0 0.0 0.9999999999999062 0.0 0.0 9.381384558082573E-14
1.0 0.7368421052631579 0.5 0.5 0.0 0.0 0.9999999999999062 0.0 0.0 9.381384558082573E-14
1.0 0.7894736842105263 0.5 0.5 0.0 0.0 0.9999999999999062 0.0 0.0 9.381384558082573E-14
1.0 0.8421052631578947 0.5 0.5 0.0 0.0 0.9999999999999062 0.0 0.0 9.381384558082573E-14
1.0 0.8947368421052632 0.5 0.5 0.0 0.0 0.9999999999999062 0.0 0.0 9.381384558082573E-14
1.0 0.9473684210526315 0.5 0.5 0.0 0.0 0.9999999999999062 0.0 0.0 9.381384558082573E-14
1.0 1.0 0.5 0.5 0.0 0.0 0.9999999999999062 0.0 0.0 9.381384558082573E-14

