
0.0 0.49999999999999994 0.0 0.33298999999998014 3.875200000000045E-5 0.6669712480000388 -8.083811398051921E-15 4.0431035619999974E-8 4.043100019779366E-8
0.0 0.49999999999999994 0.05263157894736843 0.9214256289999126 4.5715000000000303E-5 0.07852865600008475 0.010208357164743987 5.842694403000068E-8 0.010180909746065886
0.0 0.49999999999999994 0.10526315789473686 0.9745075509998455 5.002200000000017E-5 0.025442427000091805 0.0027693075713884794 6.316490680000052E-8 0.0027497486001743622
0.0 0.49999999999999994 0.15789473684210523 0.9892712939998991 3.9902000000000446E-5 0.010688804000089092 7.899820686936954E-4 4.523559292000021E-8 7.804379406614665E-4
0.0 0.49999999999999994 0.21052631578947373 0.9947700849999036 4.2432000000000254E-5 0.0051874830000942455 2.617400478379883E-4 4.7711706240000184E-8 2.5558271609543254E-4
0.0 0.49999999999999994 0.2631578947368421 0.9972214039998958 5.064200000000026E-5 0.002727954000094703 9.586151346401284E-5 6.254592480000083E-8 9.134585924296867E-5
0.0 0.49999999999999994 0.31578947368421045 0.9984260459998946 4.698100000000043E-5 0.0015269730000932276 3.565670095236894E-5 5.502245441000063E-8 3.306410470710389E-5
0.0 0.49999999999999994 0.3684210526315789 0.9990172539998944 4.1684000000000585E-5 9.410620000940659E-4 1.6364067117280447E-5 4.549220654000009E-8 1.4767687324916191E-5
0.0 0.49999999999999994 0.42105263157894746 0.9994016609998932 3.8206000000000386E-5 5.601330000941902E-4 6.871323301305132E-6 4.054925576000005E-8 5.902138481788092E-6
0.0 0.49999999999999994 0.47368421052631565 0.9995612029998926 5.2320000000000285E-5 3.864770000937349E-4 3.989713213348178E-6 6.749373562000052E-8 3.0421411456692726E-6
0.0 0.49999999999999994 0.5263157894736842 0.9996800419998928 4.38710000000007E-5 2.760870000937469E-4 2.1619446878173855E-6 4.760957183000049E-8 1.598897789509611E-6
0.0 0.49999999999999994 0.5789473684210527 0.9997727369998918 4.058400000000027E-5 1.866790000937601E-4 1.2807325470265419E-6 4.8538970280000074E-8 8.439251986897709E-7
0.0 0.49999999999999994 0.6315789473684209 0.9998244329998915 4.065100000000059E-5 1.349160000937664E-4 7.62460685432842E-7 4.791932959000034E-8 4.3960359005987823E-7
0.0 0.49999999999999994 0.6842105263157895 0.9998388529998925 4.7073000000000144E-5 1.1407400009376891E-4 6.054944285738273E-7 5.1687479930000316E-8 3.1197642493991426E-7
0.0 0.49999999999999994 0.7368421052631579 0.9998668289998917 4.305200000000008E-5 9.011900009377214E-5 4.420174639641061E-7 5.530110856000039E-8 1.9229761548994246E-7
0.0 0.49999999999999994 0.7894736842105264 0.9998913799998923 3.9109000000000394E-5 6.951100009377557E-5 3.010907907219362E-7 4.1985741350000164E-8 1.2432639002996226E-7
0.0 0.49999999999999994 0.8421052631578949 0.9998704819998925 5.689099999999958E-5 7.262700009377241E-5 3.906706007916761E-7 7.557962493000084E-8 1.3055921052995531E-7
0.0 0.49999999999999994 0.8947368421052633 0.9998968219998917 5.12610000000004E-5 5.191700009377456E-5 2.5163200075839496E-7 5.979442579000077E-8 7.042068510997435E-8
0.0 0.49999999999999994 0.9473684210526313 0.9999186839998907 3.698600000000022E-5 4.433000009378285E-5 1.7891301725692089E-7 3.968430798000014E-8 5.420738849998103E-8
0.0 0.49999999999999994 0.9999999999999999 0.9999108629998914 4.6251000000000306E-5 4.288600009377609E-5 1.9023287732844453E-7 5.0615221530000395E-8 4.8728322559981444E-8

0.05263157894736843 0.49999999999999994 0.0 0.2968960579999759 7.987400000000025E-5 0.7030240680000345 1.3988867245129373E-9 1.4727581612000106E-7 1.7112380786832302E-7
0.05263157894736843 0.49999999999999994 0.05263157894736843 0.9153551519999136 1.2580499999999942E-4 0.08451904300008506 0.01200826670742625 2.913772764299954E-7 0.011931251789887423
0.05263157894736843 0.49999999999999994 0.10526315789473686 0.9718571009998467 1.4730999999999935E-4 0.02799558900009159 0.003349463220468185 3.84766207100002E-7 0.003290864385337977
0.05263157894736843 0.49999999999999994 0.15789473684210523 0.9870885309998922 1.6210199999999988E-4 0.012749367000088684 0.0011221414991202218 4.6760591649999915E-7 0.0010815175839470428
0.05263157894736843 0.49999999999999994 0.21052631578947373 0.9935058139999062 1.7430599999999956E-4 0.00631988000009405 3.903490956313927E-4 5.560652080800033E-7 3.634053271467738E-4
0.05263157894736843 0.49999999999999994 0.2631578947368421 0.9961870309998947 2.0457899999999784E-4 0.003608390000094581 1.6612050080025976E-4 7.432357735100064E-7 1.4540261609802081E-4
0.05263157894736843 0.49999999999999994 0.31578947368421045 0.9975092359998957 2.0467699999999892E-4 0.0022860870000947836 8.128657373919214E-5 7.370533480300073E-7 6.682309483842358E-5
0.05263157894736843 0.49999999999999994 0.3684210526315789 0.9983261969998944 2.0220899999999899E-4 0.0014715940000932005 4.2520788261857236E-5 8.667094458900026E-7 3.158087437559349E-5
0.05263157894736843 0.49999999999999994 0.42105263157894746 0.9986839069998936 2.3385699999999774E-4 0.0010822360000933384 2.6027006022788513E-5 9.275158260900011E-7 1.7236163167156455E-5
0.05263157894736843 0.49999999999999994 0.47368421052631565 0.9989682909998941 2.4075899999999827E-4 7.909500000941201E-4 1.6145003006007297E-5 8.434077091900069E-7 9.700690712756607E-6
0.05263157894736843 0.49999999999999994 0.5263157894736842 0.9991247269998941 2.4713099999999744E-4 6.281420000941437E-4 1.250584239492758E-5 1.030483592330005E-6 6.447980697977513E-6
0.05263157894736843 0.49999999999999994 0.5789473684210527 0.999266586999894 2.2898099999999697E-4 5.044320000940185E-4 9.024614080510583E-6 9.172711380300019E-7 4.242461988118348E-6
0.05263157894736843 0.49999999999999994 0.6315789473684209 0.9993403969998924 2.3022599999999717E-4 4.293770000937097E-4 7.404512235875682E-6 9.113227335800047E-7 3.173197263028984E-6
0.05263157894736843 0.49999999999999994 0.6842105263157895 0.9993496989998929 2.5967699999999646E-4 3.9062400009371156E-4 6.892439793426685E-6 1.1140834515700014E-6 2.5095074747591326E-6
0.05263157894736843 0.49999999999999994 0.7368421052631579 0.9994001649998937 2.640119999999964E-4 3.358230000937171E-4 5.8102805870263724E-6 1.2199191221200088E-6 1.742562665049332E-6
0.05263157894736843 0.49999999999999994 0.7894736842105264 0.9994684729998923 2.52019999999998E-4 2.795070000937248E-4 4.586946902207512E-6 1.0259369179000047E-6 1.306242628809474E-6
0.05263157894736843 0.49999999999999994 0.8421052631578949 0.9994721149998924 2.65036999999996E-4 2.62848000093725E-4 4.634450141083323E-6 1.1746795073500068E-6 1.1681025832195038E-6
0.05263157894736843 0.49999999999999994 0.8947368421052633 0.9995191719998934 2.454729999999974E-4 2.3535500009373104E-4 3.889431751302741E-6 1.0151868865100029E-6 9.576403008895794E-7
0.05263157894736843 0.49999999999999994 0.9473684210526313 0.9994831759998927 2.922639999999953E-4 2.2456000009372928E-4 4.118795475149817E-6 1.3594766070200093E-6 7.684369915396144E-7
0.05263157894736843 0.49999999999999994 0.9999999999999999 0.9995146409998938 2.7584599999999615E-4 2.0951300009373208E-4 3.682265065041435E-6 1.2260619537999967E-6 6.772790765496588E-7

0.10526315789473686 0.49999999999999994 0.0 0.26582061099999993 1.0845899999999955E-4 0.7340709300000513 5.2716218265635995E-9 2.4360472844999936E-7 2.998840496815092E-7
0.10526315789473686 0.49999999999999994 0.05263157894736843 0.9087612659999077 1.8868599999999802E-4 0.09105004800008257 0.013762992921244763 6.266632891000048E-7 0.013639412251188381
0.10526315789473686 0.49999999999999994 0.10526315789473686 0.9685183399998594 3.00371999999992E-4 0.031181288000088406 0.0041267938485277985 1.2360373912400154E-6 0.004004329432827886
0.10526315789473686 0.49999999999999994 0.15789473684210523 0.9848674489998831 4.05540999999998E-4 0.014727010000088716 0.001506388052825802 2.327955802430003E-6 0.0013993877450113033
0.10526315789473686 0.49999999999999994 0.21052631578947373 0.9909907319999043 5.219120000000056E-4 0.00848735600008833 6.773212426008923E-4 3.2502127934999916E-6 5.887517345977676E-4
0.10526315789473686 0.49999999999999994 0.2631578947368421 0.9942487539998994 5.549220000000034E-4 0.005196324000094216 3.2341764202639125E-4 3.6773333663599247E-6 2.5900729802471776E-4
0.10526315789473686 0.49999999999999994 0.31578947368421045 0.9958518189998972 6.203310000000103E-4 0.0035278500000945194 1.8836998271304362E-4 4.692237588789905E-6 1.344177507702621E-4
0.10526315789473686 0.49999999999999994 0.3684210526315789 0.9965349909998977 7.616010000000066E-4 0.0027034080000946283 1.30138771773336E-4 6.726142146569868E-6 7.817585878124771E-5
0.10526315789473686 0.49999999999999994 0.42105263157894746 0.9972262549998971 7.189470000000058E-4 0.0020547980000943655 8.746586455904425E-5 5.995112009509915E-6 4.7912296641441986E-5
0.10526315789473686 0.49999999999999994 0.47368421052631565 0.9972300059998949 8.746580000000022E-4 0.0018953360000940563 8.383047968465451E-5 8.42860389829993E-6 3.9422047189424944E-5
0.10526315789473686 0.49999999999999994 0.5263157894736842 0.9974292869998943 9.525010000000046E-4 0.0016182120000931353 6.913968164945494E-5 9.696220854609928E-6 2.7169816064052217E-5
0.10526315789473686 0.49999999999999994 0.5789473684210527 0.9977712859998974 8.973530000000194E-4 0.0013313610000932118 5.329365163659895E-5 8.458736034409701E-6 1.9470151487144492E-5
0.10526315789473686 0.49999999999999994 0.6315789473684209 0.9978480349998953 9.487040000000006E-4 0.0012032610000931756 4.830627709299096E-5 9.670043750819813E-6 1.4880182849905449E-5
0.10526315789473686 0.49999999999999994 0.6842105263157895 0.9976962039998982 0.001130757000000011 0.0011730390000931905 5.1957215161180245E-5 1.260073340634991E-5 1.353356260204534E-5
0.10526315789473686 0.49999999999999994 0.7368421052631579 0.9978776619998964 0.0010753889999999978 0.0010469490000932851 4.4190229462226505E-5 1.1255112241949835E-5 1.0926401005625934E-5
0.10526315789473686 0.49999999999999994 0.7894736842105264 0.9980200639998941 0.0010441850000000052 9.357510000937579E-4 3.988970366238798E-5 1.1270031089629703E-5 8.850616256805663E-6
0.10526315789473686 0.49999999999999994 0.8421052631578949 0.9980728159998968 0.0010562849999999912 8.708990000939125E-4 3.935047755628807E-5 1.2128394199949938E-5 7.885138057145655E-6
0.10526315789473686 0.49999999999999994 0.8947368421052633 0.9980708359998974 0.001108065000000015 8.210990000939777E-4 3.6398941331450274E-5 1.2006364072109703E-5 6.686023067266005E-6
0.10526315789473686 0.49999999999999994 0.9473684210526313 0.9981278779998976 0.0011056610000000043 7.664610000939994E-4 3.494466854806477E-5 1.2236765629049767E-5 5.910529139046303E-6
0.10526315789473686 0.49999999999999994 0.9999999999999999 0.9979471879998985 0.0012688890000000154 7.839230000939635E-4 4.068984968390587E-5 1.560530426206968E-5 5.981257116185984E-6

0.15789473684210523 0.49999999999999994 0.0 0.2359593130000004 1.157259999999986E-4 0.763924961000015 2.9365914040735412E-9 3.034630265599991E-7 3.568825844402212E-7
0.15789473684210523 0.49999999999999994 0.05263157894736843 0.9028096159999132 2.888869999999963E-4 0.09690149700008274 0.01563802783400767 1.312609176730012E-6 0.015442020128567706
0.15789473684210523 0.49999999999999994 0.10526315789473686 0.9641875609998456 5.269069999999992E-4 0.03528553200008639 0.0052174359588013424 3.484930995929984E-6 0.004982873107835894
0.15789473684210523 0.49999999999999994 0.15789473684210523 0.9813497369998667 8.305310000000138E-4 0.01781973200009508 0.0021179972189790063 6.611502673549856E-6 0.001895862179422128
0.15789473684210523 0.49999999999999994 0.21052631578947373 0.9876285419999022 0.0011737910000000082 0.011197667000088231 0.0011068390534868522 1.2183461367509867E-5 8.897562185142022E-4
0.15789473684210523 0.49999999999999994 0.2631578947368421 0.9907370239999052 0.00145940700000001 0.007803569000091095 6.584183817538779E-4 1.6814761661449984E-5 4.65976827268204E-4
0.15789473684210523 0.49999999999999994 0.31578947368421045 0.9917542259998977 0.0018895319999999993 0.0063562420000937685 4.939413763071054E-4 2.4719692326239877E-5 2.987481327247512E-4
0.15789473684210523 0.49999999999999994 0.3684210526315789 0.9928437429998943 0.0020236589999999667 0.005132598000093792 3.6274001178033806E-4 2.7341226383689387E-5 1.9171345722260465E-4
0.15789473684210523 0.49999999999999994 0.42105263157894746 0.9931907079999027 0.0023071529999999928 0.004502139000093974 3.3017433329928235E-4 3.777200040194977E-5 1.4512266363998083E-4
0.15789473684210523 0.49999999999999994 0.47368421052631565 0.9928920029998959 0.0027890430000000097 0.004318954000093893 3.1945426555489713E-4 4.863246672404999E-5 1.1953537168023531E-4
0.15789473684210523 0.49999999999999994 0.5263157894736842 0.9933926859998958 0.0028331399999999966 0.003774174000093962 2.8058139099523816E-4 5.173277398363892E-5 9.194034347755426E-5
0.15789473684210523 0.49999999999999994 0.5789473684210527 0.9934156289998936 0.003018005999999985 0.003566365000093986 2.839063212333515E-4 6.0092753347559106E-5 8.323263788322418E-5
0.15789473684210523 0.49999999999999994 0.6315789473684209 0.9931604689998976 0.003375712000000024 0.003463819000093957 2.775251679931312E-4 6.712599415491902E-5 7.203856730056846E-5
0.15789473684210523 0.49999999999999994 0.6842105263157895 0.993254255999898 0.0035105179999999794 0.003235226000094021 2.782195254838582E-4 7.551503999833919E-5 6.426685965896145E-5
0.15789473684210523 0.49999999999999994 0.7368421052631579 0.9931459549998987 0.0037465059999999984 0.003107539000094029 2.7646776581790044E-4 8.292026860577973E-5 5.6925379541573715E-5
0.15789473684210523 0.49999999999999994 0.7894736842105264 0.9931211349999006 0.0038934169999999455 0.0029854480000939872 2.741992093838852E-4 8.779647097745025E-5 5.198665483976594E-5
0.15789473684210523 0.49999999999999994 0.8421052631578949 0.9935033699998989 0.0037647659999999385 0.0027318640000940247 2.3447371775148215E-4 7.869410275995886E-5 4.1766780571652656E-5
0.15789473684210523 0.49999999999999994 0.8947368421052633 0.9935679519999019 0.0038941139999999715 0.0025379340000940575 2.2611088730845055E-4 8.22811512555389E-5 3.58752504251347E-5
0.15789473684210523 0.49999999999999994 0.9473684210526313 0.9938828619999012 0.0037937909999999526 0.002323347000094084 2.0845070974484517E-4 7.961350613930955E-5 3.0721817464007983E-5
0.15789473684210523 0.49999999999999994 0.9999999999999999 0.9937753719999018 0.003925371000000011 0.0022992570000940713 2.2617316363712225E-4 8.97897679245486E-5 3.119089092554652E-5

0.21052631578947373 0.49999999999999994 0.0 0.21159094300001255 1.1843899999999884E-4 0.7882906180000171 3.752010294122421E-9 3.515820928900004E-7 4.10264858463627E-7
0.21052631578947373 0.49999999999999994 0.05263157894736843 0.8958235319999123 4.2205099999999176E-4 0.10375441700008234 0.017833578099284608 2.343139310030002E-6 0.017538403201748244
0.21052631578947373 0.49999999999999994 0.10526315789473686 0.9597988709998726 9.461980000000089E-4 0.03925493100008471 0.006402751768325553 8.519098222839785E-6 0.005982596203634933
0.21052631578947373 0.49999999999999994 0.15789473684210523 0.9758447709998792 0.0017280859999999794 0.022427143000094626 0.0031031601362020984 2.170527135011987E-5 0.002615682310816341
0.21052631578947373 0.49999999999999994 0.21052631578947373 0.9815305259998938 0.002624285999999952 0.015845188000093744 0.001855529176388093 3.824209234947957E-5 0.0013636089943035623
0.21052631578947373 0.49999999999999994 0.2631578947368421 0.9833818899998967 0.003607379999999931 0.013010730000088996 0.001368748290203803 6.184775991959808E-5 8.513888768436886E-4
0.21052631578947373 0.49999999999999994 0.31578947368421045 0.9837953669998912 0.004582058999999787 0.011622574000090043 0.001168725793943426 8.938082524389114E-5 6.137783216399063E-4
0.21052631578947373 0.49999999999999994 0.3684210526315789 0.9836507769998976 0.0055922369999999305 0.010756986000089723 0.0010777744976998129 1.2050887010785322E-4 4.7966789154999786E-4
0.21052631578947373 0.49999999999999994 0.42105263157894746 0.984078574999894 0.006102650999999871 0.00981877400009027 0.0010126756220149914 1.4528864395202992E-4 3.9251403088407807E-4
0.21052631578947373 0.49999999999999994 0.47368421052631565 0.9823890589998949 0.007650394999999855 0.009960546000089995 0.0010290290917382761 1.9085060005689792E-4 3.3506633272395003E-4
0.21052631578947373 0.49999999999999994 0.5263157894736842 0.9810305679998947 0.00896813999999937 0.01000129200009104 0.0010494706282323297 2.2905183114968063E-4 2.9916311201706486E-4
0.21052631578947373 0.49999999999999994 0.5789473684210527 0.9806815779999094 0.00959355199999928 0.009724870000091741 0.0010239330351591526 2.476579690122895E-4 2.6589503523083804E-4
0.21052631578947373 0.49999999999999994 0.6315789473684209 0.9811438079998914 0.009861088999999417 0.008995103000090973 0.001029855068129304 2.79914134977776E-4 2.3685076514636953E-4
0.21052631578947373 0.49999999999999994 0.6842105263157895 0.9795995569999064 0.01118317499999974 0.009217268000090964 0.0010497307582453153 3.1552397819319215E-4 2.1522033839924788E-4
0.21052631578947373 0.49999999999999994 0.7368421052631579 0.9789442459998965 0.012009163999999413 0.009046590000091396 0.001099221562578401 3.5561283688240804E-4 2.0555896192923524E-4
0.21052631578947373 0.49999999999999994 0.7894736842105264 0.9779763929999015 0.01301157599999954 0.0090120310000904 0.001142177573590919 3.990719603047864E-4 1.919843122062645E-4
0.21052631578947373 0.49999999999999994 0.8421052631578949 0.9777020839999099 0.013583294999999539 0.008714621000091752 0.0010511182313495014 3.880909406661522E-4 1.6293213669474582E-4
0.21052631578947373 0.49999999999999994 0.8947368421052633 0.9778179619999035 0.013842023999999967 0.008340014000091144 0.0010590609813052709 4.106297576588897E-4 1.5188035162974102E-4
0.21052631578947373 0.49999999999999994 0.9473684210526313 0.9769499099999012 0.014717609999999796 0.00833248000009123 0.0011226239765983804 4.5847991698229237E-4 1.471383104580362E-4
0.21052631578947373 0.49999999999999994 0.9999999999999999 0.9757888389999086 0.015810783000000356 0.008400378000091796 0.0011319323530349366 4.8292467838491744E-4 1.3710486546159208E-4

0.2631578947368421 0.49999999999999994 0.0 0.18828665400000852 1.366339999999985E-4 0.811576711999998 1.9383466998146303E-9 4.5360613159999774E-7 5.015872445945924E-7
0.2631578947368421 0.49999999999999994 0.05263157894736843 0.8905589829999198 5.170539999999989E-4 0.10892396300008157 0.019555337740555748 3.3898258498999863E-6 0.019182617912424912
0.2631578947368421 0.49999999999999994 0.10526315789473686 0.9547805249998484 0.00140076499999999 0.04381871000008558 0.007724734854069071 1.4584044478649718E-5 0.007106500135496836
0.2631578947368421 0.49999999999999994 0.15789473684210523 0.9680310439998793 0.0032299619999999938 0.028738994000092825 0.0042108869952780514 4.3219570120098735E-5 0.003408502698184564
0.2631578947368421 0.49999999999999994 0.21052631578947373 0.970971957999882 0.00536147699999992 0.023666565000092288 0.0029703907212581646 9.028997233886957E-5 0.002034736742159999
0.2631578947368421 0.49999999999999994 0.2631578947368421 0.9666424739998905 0.00897202599999966 0.024385500000090717 0.0026663282521002473 1.689783788190288E-4 0.0015014550858138717
0.2631578947368421 0.49999999999999994 0.31578947368421045 0.9638037279999037 0.011971940999999455 0.024224331000089666 0.002460709718085574 2.439463721734499E-4 0.001160761654227976
0.2631578947368421 0.49999999999999994 0.3684210526315789 0.9552123779999137 0.017369442000000283 0.027418180000088693 0.002633759873938146 3.767882998069143E-4 0.0010234664913819252
0.2631578947368421 0.49999999999999994 0.42105263157894746 0.9547361399999116 0.01922983600000026 0.026034024000088828 0.0024641395714727456 4.3097063492219563E-4 8.380361863093907E-4
0.2631578947368421 0.49999999999999994 0.47368421052631565 0.945444284999912 0.02535027800000016 0.0292054370000874 0.002575352073152193 5.325246924847444E-4 7.706483213807953E-4
0.2631578947368421 0.49999999999999994 0.5263157894736842 0.9393658209999128 0.030015827000000155 0.030618352000086897 0.0025812401176749317 6.168751383518216E-4 6.787790070587323E-4
0.2631578947368421 0.49999999999999994 0.5789473684210527 0.9363312639999144 0.033194273000000524 0.030474463000086327 0.002490582134775843 6.619198324339529E-4 5.882052494982506E-4
0.2631578947368421 0.49999999999999994 0.6315789473684209 0.9299057969999139 0.03826492900000045 0.03182927400008569 0.0024388355912019818 7.119531929446933E-4 5.195686125638325E-4
0.2631578947368421 0.49999999999999994 0.6842105263157895 0.9238756169999165 0.043187818000000294 0.03293656500008522 0.0023091850517516833 7.272660913503825E-4 4.4884914052408355E-4
0.2631578947368421 0.49999999999999994 0.7368421052631579 0.9193052169999154 0.04740675400000033 0.03328802900008449 0.0020818243713167537 7.063565529227765E-4 3.6727238872711867E-4
0.2631578947368421 0.49999999999999994 0.7894736842105264 0.9157308949999133 0.05099377800000022 0.03327532700008394 0.0021336152516453597 7.724842484342437E-4 3.4230414881894586E-4
0.2631578947368421 0.49999999999999994 0.8421052631578949 0.9083688879999162 0.05700740500000025 0.034623707000083034 0.0019361512522075295 7.396471194374514E-4 2.866145054549553E-4
0.2631578947368421 0.49999999999999994 0.8947368421052633 0.9030290159999163 0.06169750200000024 0.03527348200008238 0.0018474846936179512 7.351835523606406E-4 2.555555261292356E-4
0.2631578947368421 0.49999999999999994 0.9473684210526313 0.8973012819999174 0.06681333500000058 0.035885383000081685 0.001740136290451655 7.275196218821435E-4 2.2136365430750979E-4
0.2631578947368421 0.49999999999999994 0.9999999999999999 0.8975966759999185 0.06787638800000059 0.034526936000081714 0.0017792693558302596 7.749640820074225E-4 2.0973350584210646E-4

0.31578947368421045 0.49999999999999994 0.0 0.16910853900000597 1.4049299999999886E-4 0.8307509680000139 2.8923634938504697E-9 4.908537959500051E-7 5.488896473337945E-7
0.31578947368421045 0.49999999999999994 0.05263157894736843 0.8848792189999202 6.799820000000072E-4 0.11444079900008018 0.021550860414766684 4.98869657967993E-6 0.02105456355772449
0.31578947368421045 0.49999999999999994 0.10526315789473686 0.94762907799988 0.0022200769999999987 0.050150845000085854 0.009161939542506969 2.359576099546965E-5 0.008298338969959537
0.31578947368421045 0.49999999999999994 0.15789473684210523 0.9540562489998985 0.006047432999999869 0.03989631800008673 0.005674742949196765 8.283711803281251E-5 0.004399551398746162
0.31578947368421045 0.49999999999999994 0.21052631578947373 0.9386124429999151 0.014465840000000002 0.04692171700008728 0.004445437530140895 1.8815399395098831E-4 0.0028280940458497825
0.31578947368421045 0.49999999999999994 0.2631578947368421 0.9243543269999139 0.02323744700000012 0.05240822600008546 0.003987383479963191 3.07246995839616E-4 0.002096104397786459
0.31578947368421045 0.49999999999999994 0.31578947368421045 0.892342990999919 0.039482797000000326 0.06817421200008184 0.003093544769019185 3.578181642727617E-4 0.0013625128157078916
0.31578947368421045 0.49999999999999994 0.3684210526315789 0.8698186989999201 0.05359330500000018 0.0765879960000791 0.002369250412788171 3.5270055384657023E-4 9.08826474966286E-4
0.31578947368421045 0.49999999999999994 0.42105263157894746 0.8513494259999208 0.06676846400000054 0.08188211000007664 0.002164306667768956 4.0492142560744445E-4 7.085076140857636E-4
0.31578947368421045 0.49999999999999994 0.47368421052631565 0.8266245779999266 0.08349571300000172 0.0898797090000735 0.0015393815080034679 3.2954215761605513E-4 4.563958396059735E-4
0.31578947368421045 0.49999999999999994 0.5263157894736842 0.8157312789999254 0.09371673600000245 0.09055198500007196 0.0012373259561368922 2.995468486940469E-4 3.320942738849906E-4
0.31578947368421045 0.49999999999999994 0.5789473684210527 0.7964400709999293 0.10874468800000149 0.09481524100006962 7.428918457667355E-4 1.9760425323091317E-4 1.8730741268564756E-4
0.31578947368421045 0.49999999999999994 0.6315789473684209 0.7810516869999296 0.12187275600000096 0.09707555700006798 6.215059912000442E-4 1.8932548588019782E-4 1.3732382372403184E-4
0.31578947368421045 0.49999999999999994 0.6842105263157895 0.7739617389999301 0.13023034000000083 0.09580792100006703 5.150380885190375E-4 1.6820226245190355E-4 1.0646783539060566E-4
0.31578947368421045 0.49999999999999994 0.7368421052631579 0.7657959669999318 0.13913357100000065 0.09507046200006691 3.889638271692419E-4 1.3672229360762458E-4 7.541453053768517E-5
0.31578947368421045 0.49999999999999994 0.7894736842105264 0.759865344999932 0.14677770200000012 0.0933569530000669 3.4709213411093787E-4 1.2699142470473171E-4 6.594924691172756E-5
0.31578947368421045 0.49999999999999994 0.8421052631578949 0.7548571989999326 0.15345384999999961 0.09168895100006702 3.089797715979281E-4 1.236820315177037E-4 5.256455383833032E-5
0.31578947368421045 0.49999999999999994 0.8947368421052633 0.7475585319999339 0.16174086999999848 0.09070059800006733 2.481050119086836E-4 1.0395013097611352E-4 4.045910386747007E-5
0.31578947368421045 0.49999999999999994 0.9473684210526313 0.7439495919999335 0.16748130599999805 0.08856910200006751 2.3406323925984074E-4 1.0138967374953532E-4 3.7404101164030965E-5
0.31578947368421045 0.49999999999999994 0.9999999999999999 0.7398424169999347 0.17340672999999698 0.08675085300006778 2.2214488529395118E-4 1.0505153248990053E-4 3.1349479653788606E-5

0.3684210526315789 0.49999999999999994 0.0 0.1539640710000001 1.4050099999999928E-4 0.8458954280000516 1.4115309580897682E-9 4.993125942100007E-7 5.364454400247354E-7
0.3684210526315789 0.49999999999999994 0.05263157894736843 0.8808716399999145 7.010920000000209E-4 0.11842726800008066 0.02319040858052103 5.481069368019884E-6 0.02265644104234685
0.3684210526315789 0.49999999999999994 0.10526315789473686 0.9386739189999018 0.0033935949999999823 0.05793248600008591 0.010724165616916869 3.6823700775189745E-5 0.009551349138357363
0.3684210526315789 0.49999999999999994 0.15789473684210523 0.9234838709999171 0.01318320800000012 0.06333292100008525 0.006588183189365015 1.2994533145979702E-4 0.0049074309551674035
0.3684210526315789 0.49999999999999994 0.21052631578947373 0.8749528969999196 0.033499422000000056 0.09154768100008003 0.004398900872597933 2.0654998877263098E-4 0.0027319633540503667
0.3684210526315789 0.49999999999999994 0.2631578947368421 0.8173674619999272 0.060719921000000225 0.12191261700007304 0.00241174146071812 1.9342791319690387E-4 0.0012704291111103833
0.3684210526315789 0.49999999999999994 0.31578947368421045 0.7641122859999327 0.0901171800000022 0.14577053400006634 9.381879390252812E-4 1.0501950342516938E-4 4.445570454124153E-4
0.3684210526315789 0.49999999999999994 0.3684210526315789 0.7284524259999354 0.11441819300000106 0.1571293810000617 5.595865844029602E-4 8.593802299098256E-5 2.3545328102913963E-4
0.3684210526315789 0.49999999999999994 0.42105263157894746 0.7037844509999384 0.13477712100000122 0.16143842800006003 3.316327156385135E-4 6.894990834474361E-5 1.2396197253710208E-4
0.3684210526315789 0.49999999999999994 0.47368421052631565 0.6857594799999409 0.15254397899999952 0.1616965410000597 2.1624094261502028E-4 5.819718532461688E-5 7.026989804134395E-5
0.3684210526315789 0.49999999999999994 0.5263157894736842 0.6712219319999414 0.16832498299999796 0.16045308500005961 1.8020631194005652E-4 5.593946622437402E-5 5.803308530669127E-5
0.3684210526315789 0.49999999999999994 0.5789473684210527 0.6632028639999424 0.18054204699999654 0.15625508900006038 1.8852225426184145E-4 6.743360065237098E-5 5.070273374195959E-5
0.3684210526315789 0.49999999999999994 0.6315789473684209 0.653846324999944 0.19300626699999496 0.15314740800006038 1.3984783413923952E-4 5.9762328249370754E-5 3.313116770266924E-5
0.3684210526315789 0.49999999999999994 0.6842105263157895 0.6496773989999449 0.2025448459999944 0.1477777550000612 1.0114619050581865E-4 4.546801832517114E-5 2.682883554409876E-5
0.3684210526315789 0.49999999999999994 0.7368421052631579 0.6453788279999446 0.21129605799999318 0.14332511400006184 9.292408028541142E-5 4.718908657597096E-5 2.249874034891859E-5
0.3684210526315789 0.49999999999999994 0.7894736842105264 0.6427753999999462 0.2188695889999919 0.13835501100006234 1.0109200354584403E-4 5.043380712633147E-5 2.2043998794882974E-5
0.3684210526315789 0.49999999999999994 0.8421052631578949 0.6388115999999461 0.2266104769999914 0.13457792300006302 8.62946713585333E-5 4.575442481696418E-5 1.9865057916231E-5
0.3684210526315789 0.49999999999999994 0.8947368421052633 0.6352029529999472 0.23410402899999017 0.13069301800006286 8.341107432735527E-5 4.606072739402958E-5 1.939726407573506E-5
0.3684210526315789 0.49999999999999994 0.9473684210526313 0.6345269899999472 0.2392321039999896 0.12624090600006319 8.066760936003002E-5 4.63383314977854E-5 1.7578483490277193E-5
0.3684210526315789 0.49999999999999994 0.9999999999999999 0.6345706249999471 0.24343811099998885 0.12199126400006362 1.0252896368026511E-4 5.763991016867614E-5 1.8336118019850883E-5

0.42105263157894746 0.49999999999999994 0.0 0.13809090899999488 1.275979999999988E-4 0.8617814929999671 1.2464896198549623E-10 4.044422860799966E-7 4.134829113544569E-7
0.42105263157894746 0.49999999999999994 0.05263157894736843 0.8764159579999146 8.463210000000061E-4 0.12273772100007936 0.024769779847446438 7.446555263509795E-6 0.024127508749007695
0.42105263157894746 0.49999999999999994 0.10526315789473686 0.9148368779999086 0.007399896999999968 0.07776322500008459 0.011155554031356119 4.6533943565969014E-5 0.009838646071402907
0.42105263157894746 0.49999999999999994 0.15789473684210523 0.8396323869999245 0.03421013700000002 0.12615747600007615 0.004101592264528065 7.025623268406208E-5 0.0032040408531654454
0.42105263157894746 0.49999999999999994 0.21052631578947373 0.7494284809999344 0.07184170700000109 0.17872981200006538 0.0013913288939785273 5.91560724340922E-5 9.732432719979183E-4
0.42105263157894746 0.49999999999999994 0.2631578947368421 0.6799654049999417 0.10935423500000127 0.21068036000005624 4.131870659219605E-4 4.384330051984668E-5 2.525026152988851E-4
0.42105263157894746 0.49999999999999994 0.31578947368421045 0.6450969549999461 0.1368334770000008 0.21806956800005345 2.475593442056279E-4 4.430266488752235E-5 1.2192896694928555E-4
0.42105263157894746 0.49999999999999994 0.3684210526315789 0.6209131979999482 0.16055385899999858 0.2185329430000534 1.6829483377150956E-4 4.419223514261112E-5 7.047388559467613E-5
0.42105263157894746 0.49999999999999994 0.42105263157894746 0.6034083909999491 0.18126741099999655 0.21532419800005423 1.0588952565819822E-4 3.605038965092399E-5 4.295020036261393E-5
0.42105263157894746 0.49999999999999994 0.47368421052631565 0.5913501719999512 0.1985572269999949 0.21009260100005434 1.1384057053883123E-4 4.3121356373893025E-5 4.0318558653115734E-5
0.42105263157894746 0.49999999999999994 0.5263157894736842 0.5796431449999524 0.21552661899999262 0.2048302360000548 9.11598879969777E-5 3.916225955957197E-5 3.1748247989357715E-5
0.42105263157894746 0.49999999999999994 0.5789473684210527 0.5755086849999521 0.22768257399999137 0.19680874100005585 9.210510117795279E-5 4.348202426741263E-5 2.9351736890750876E-5
0.42105263157894746 0.49999999999999994 0.6315789473684209 0.5710483099999524 0.23931978199998966 0.18963190800005675 8.59842484474349E-5 4.275919096880867E-5 2.7136613021228054E-5
0.42105263157894746 0.49999999999999994 0.6842105263157895 0.5666968059999551 0.2503894619999892 0.1829137320000574 7.879018678054183E-5 4.226774831696811E-5 2.332318271224751E-5
0.42105263157894746 0.49999999999999994 0.7368421052631579 0.5655865399999538 0.2587001889999877 0.1757132710000579 6.65623725164377E-5 3.991163093833294E-5 2.0673445398836086E-5
0.42105263157894746 0.49999999999999994 0.7894736842105264 0.5628456529999543 0.26774298999998686 0.16941135700005883 6.821216519527496E-5 3.8639094587350485E-5 1.9482239881884678E-5
0.42105263157894746 0.49999999999999994 0.8421052631578949 0.5613762639999533 0.27504744799998593 0.16357628800005958 6.004509493676147E-5 3.8291724719058395E-5 1.817278491184522E-5
0.42105263157894746 0.49999999999999994 0.8947368421052633 0.5626408199999556 0.2803452399999855 0.1570139400000602 5.8361023008673965E-5 3.6105175205447536E-5 1.5846587623555982E-5
0.42105263157894746 0.49999999999999994 0.9473684210526313 0.5610093499999549 0.287540832999985 0.1514498170000605 5.6230613099239605E-5 3.556405292739345E-5 1.6044899857818943E-5
0.42105263157894746 0.49999999999999994 0.9999999999999999 0.5603844329999541 0.2930618839999835 0.14655368300006116 6.519948919763707E-5 4.290458028007038E-5 1.63760233491253E-5

0.47368421052631565 0.49999999999999994 0.0 0.12464465699999222 1.3259099999999912E-4 0.8752227519999927 2.2663618832324817E-9 4.485671391700004E-7 4.916429487411555E-7
0.47368421052631565 0.49999999999999994 0.05263157894736843 0.8729687659999235 8.725380000000075E-4 0.1261586960000796 0.02601369867103709 7.757682353619819E-6 0.025327981348433105
0.47368421052631565 0.49999999999999994 0.10526315789473686 0.8593445229999238 0.01797956600000008 0.12267591100007845 0.00812472996663105 3.0895678305730114E-5 0.0074261692640527855
0.47368421052631565 0.49999999999999994 0.15789473684210523 0.7323835639999348 0.06141121600000049 0.2062052200000637 0.0016004849387931674 4.48339509296887E-5 0.0014030310262635002
0.47368421052631565 0.49999999999999994 0.21052631578947373 0.6481978859999452 0.10270655500000117 0.24909555900005312 5.103729443916239E-4 4.551645286069162E-5 3.7796075424981895E-4
0.47368421052631565 0.49999999999999994 0.2631578947368421 0.5939602899999504 0.13931027400000107 0.26672943600004806 1.9848375528609967E-4 4.1684019148813946E-5 1.1264058836978481E-4
0.47368421052631565 0.49999999999999994 0.31578947368421045 0.5630355609999543 0.16880628499999814 0.26815815400004817 1.6064978218343078E-4 4.502637776599531E-5 6.845681812266134E-5
0.47368421052631565 0.49999999999999994 0.3684210526315789 0.5416604199999566 0.19459362999999522 0.2637459500000483 1.348249265229251E-4 4.7786100895311216E-5 5.073755843090083E-5
0.47368421052631565 0.49999999999999994 0.42105263157894746 0.5306603989999579 0.21435876599999304 0.2549808350000491 1.0586779833818838E-4 4.281465412770552E-5 3.893999221320915E-5
0.47368421052631565 0.49999999999999994 0.47368421052631565 0.520160554999959 0.23353595399999058 0.24630349100005056 9.524233715796361E-5 4.2299998949933694E-5 3.413524464902299E-5
0.47368421052631565 0.49999999999999994 0.5263157894736842 0.5157661929999598 0.24822177599998915 0.23601203100005172 7.14194407247959E-5 3.860469416922391E-5 2.7435266046781093E-5
0.47368421052631565 0.49999999999999994 0.5789473684210527 0.5105096019999605 0.2627231559999875 0.2267672420000525 6.90983694624614E-5 3.804395445908132E-5 2.5238404565965792E-5
0.47368421052631565 0.49999999999999994 0.6315789473684209 0.5101693559999609 0.2733656699999857 0.21646497400005368 7.996389159240501E-5 4.484407698832626E-5 2.6421224241449103E-5
0.47368421052631565 0.49999999999999994 0.6842105263157895 0.5066268309999613 0.28501790499998503 0.20835526400005477 7.157211347613158E-5 4.492432135279473E-5 2.1827076252457774E-5
0.47368421052631565 0.49999999999999994 0.7368421052631579 0.5064272849999609 0.29422388799998406 0.19934882700005507 6.0981794962772223E-5 3.678048949914969E-5 1.998716916540369E-5
0.47368421052631565 0.49999999999999994 0.7894736842105264 0.5064209599999616 0.3022221729999833 0.19135686700005672 6.334604084434758E-5 4.111102246285025E-5 1.9659867933641965E-5
0.47368421052631565 0.49999999999999994 0.8421052631578949 0.5054588989999605 0.31044332199998165 0.18409777900005694 5.241807550648292E-5 3.516937772258949E-5 1.9058314415976164E-5
0.47368421052631565 0.49999999999999994 0.8947368421052633 0.5061102259999612 0.3167272669999821 0.1771625070000583 5.4500996907652643E-5 3.919523440785583E-5 1.7462601531315765E-5
0.47368421052631565 0.49999999999999994 0.9473684210526313 0.5063510989999613 0.32306631399998087 0.1705825870000589 4.831710876924688E-5 3.4202066639475726E-5 1.6634224602881873E-5
0.47368421052631565 0.49999999999999994 0.9999999999999999 0.5063264389999612 0.32916675699997966 0.16450680400005913 4.7610316726087726E-5 3.597497326673221E-5 1.4536376096550493E-5

0.5263157894736842 0.49999999999999994 0.0 0.11393101500000449 1.3334499999999885E-4 0.8859356399999753 2.1198305680258934E-10 4.6077525872999854E-7 4.7113525812880753E-7
0.5263157894736842 0.49999999999999994 0.05263157894736843 0.8698293419999222 9.68582E-4 0.1292020760000788 0.02699924612414348 8.141733832859837E-6 0.02626082996456321
0.5263157894736842 0.49999999999999994 0.10526315789473686 0.7803036329999289 0.03322238200000019 0.18647398500006937 0.005403213552333829 7.922611667782359E-5 0.005114016610861603
0.5263157894736842 0.49999999999999994 0.15789473684210523 0.6487259189999455 0.08183819100000175 0.26943589000005375 9.849669510819002E-4 6.624342030669113E-5 8.356205451527807E-4
0.5263157894736842 0.49999999999999994 0.21052631578947373 0.5773639169999526 0.12405843600000155 0.29857764700004535 3.808950858338378E-4 5.78278791239414E-5 2.436784608841405E-4
0.5263157894736842 0.49999999999999994 0.2631578947368421 0.5302801999999579 0.1615008279999986 0.30821897200004417 1.5406024876488675E-4 4.3991780647193236E-5 7.687799059290374E-5
0.5263157894736842 0.49999999999999994 0.31578947368421045 0.5028220069999618 0.1920835199999951 0.3050944730000435 1.354729213209588E-4 4.5653810686300396E-5 5.825585578981274E-5
0.5263157894736842 0.49999999999999994 0.3684210526315789 0.4857854519999628 0.21834314599999233 0.2958714020000446 1.0191254114489956E-4 4.537400829037891E-5 3.995374097063437E-5
0.5263157894736842 0.49999999999999994 0.42105263157894746 0.47544673299996365 0.2398863569999897 0.2846669100000461 8.990535272168643E-5 4.3362144585298855E-5 3.425391829079693E-5
0.5263157894736842 0.49999999999999994 0.47368421052631565 0.4674690629999655 0.2593696179999878 0.2731613190000475 7.458730490168263E-5 4.028556765095365E-5 2.9579602841645068E-5
0.5263157894736842 0.49999999999999994 0.5263157894736842 0.464719948999965 0.27431079499998595 0.260969256000048 6.254983006053482E-5 3.682313730404147E-5 2.4811069952239415E-5
0.5263157894736842 0.49999999999999994 0.5789473684210527 0.46204635999996563 0.2886681989999847 0.2492854410000502 6.686012036294931E-5 3.996675317968351E-5 2.70554684517213E-5
0.5263157894736842 0.49999999999999994 0.6315789473684209 0.4594840689999654 0.3016438389999828 0.2388720920000511 5.7881745681268025E-5 3.542548841003607E-5 2.1606569652500575E-5
0.5263157894736842 0.49999999999999994 0.6842105263157895 0.4607590589999661 0.3117402339999816 0.22750070700005234 6.0338354807476514E-5 4.012704477609486E-5 2.1990048402313612E-5
0.5263157894736842 0.49999999999999994 0.7368421052631579 0.4613154259999657 0.3207230369999811 0.21796153700005372 5.84289352838857E-5 3.929781404843346E-5 2.046549298669806E-5
0.5263157894736842 0.49999999999999994 0.7894736842105264 0.46106792599996493 0.3301038589999798 0.20882821500005427 5.106450059117195E-5 3.603903143246379E-5 1.8472613958908644E-5
0.5263157894736842 0.49999999999999994 0.8421052631578949 0.46138029099996536 0.33784003099997884 0.2007796780000552 4.615421530038133E-5 3.340007931094957E-5 1.87652947592265E-5
0.5263157894736842 0.49999999999999994 0.8947368421052633 0.4619569409999658 0.34514832099997844 0.19289473800005666 5.449764899838061E-5 4.0749792297649355E-5 1.906423531078255E-5
0.5263157894736842 0.49999999999999994 0.9473684210526313 0.4636250609999647 0.3509427329999781 0.18543220600005722 4.4724984273383786E-5 3.4494555964958985E-5 1.7082330495346575E-5
0.5263157894736842 0.49999999999999994 0.9999999999999999 0.46274520599996516 0.35838613299997635 0.17886866100005808 4.810004345350005E-5 3.795841859909055E-5 1.6720526703769418E-5

0.5789473684210527 0.49999999999999994 0.0 0.10340117499999996 1.495629999999984E-4 0.8964492620000065 1.4858098102560334E-10 5.417715409300042E-7 5.531176757944678E-7
0.5789473684210527 0.49999999999999994 0.05263157894736843 0.8643411879999243 0.001508975000000017 0.13414983700007843 0.027335065021004443 1.0836414073169567E-5 0.02657156271866874
0.5789473684210527 0.49999999999999994 0.10526315789473686 0.7065262849999367 0.04697647200000022 0.24649724300006154 0.004648478117535526 1.6300795109707627E-4 0.004139130804271156
0.5789473684210527 0.49999999999999994 0.15789473684210523 0.586654156999952 0.0973452870000012 0.316000556000047 6.483271268526992E-4 8.312195688149236E-5 5.444798309438185E-4
0.5789473684210527 0.49999999999999994 0.21052631578947373 0.5202474649999587 0.14110400000000076 0.3386485350000404 2.1216715542506925E-4 4.960934277595773E-5 1.3123274558761168E-4
0.5789473684210527 0.49999999999999994 0.2631578947368421 0.4778486079999638 0.17991443599999654 0.34223695600003956 1.529801826051502E-4 4.661355461827166E-5 7.299424166753444E-5
0.5789473684210527 0.49999999999999994 0.31578947368421045 0.45501437299996633 0.21085151899999308 0.3341341080000412 1.0552892120507529E-4 4.2706406475424846E-5 4.529455484141437E-5
0.5789473684210527 0.49999999999999994 0.3684210526315789 0.44143413999996783 0.23699430799998972 0.3215715520000412 8.444714465757897E-5 4.031769326902843E-5 3.930627258153102E-5
0.5789473684210527 0.49999999999999994 0.42105263157894746 0.4324336329999688 0.2594337129999879 0.3081326540000441 7.309692315181082E-5 3.7633074204183885E-5 3.0297272960209955E-5
0.5789473684210527 0.49999999999999994 0.47368421052631565 0.4285010519999689 0.27796373099998545 0.2935352170000451 6.82435129040676E-5 4.390169629463064E-5 3.007396253703193E-5
0.5789473684210527 0.49999999999999994 0.5263157894736842 0.42402076699996927 0.29541837699998363 0.2805608560000469 6.866373830957671E-5 4.351474484146911E-5 2.7961803518068707E-5
0.5789473684210527 0.49999999999999994 0.5789473684210527 0.42319783699996943 0.309642695999982 0.26715946700004856 4.8691598459002513E-5 3.471852202237142E-5 2.3059476731789042E-5
0.5789473684210527 0.49999999999999994 0.6315789473684209 0.42287627699996994 0.3220809299999814 0.255042793000049 5.0981665053212444E-5 3.7487782570351507E-5 2.1064496795582252E-5
0.5789473684210527 0.49999999999999994 0.6842105263157895 0.4226624569999699 0.3336093059999792 0.24372823700005078 4.780599959049725E-5 3.606220274044309E-5 2.1448378467207872E-5
0.5789473684210527 0.49999999999999994 0.7368421052631579 0.42340427699996946 0.34342215799997855 0.23317356500005176 4.833028564755482E-5 3.722900596545703E-5 2.147536714123821E-5
0.5789473684210527 0.49999999999999994 0.7894736842105264 0.4243956379999691 0.3522035069999776 0.22340085500005283 4.1532029013610634E-5 3.394363754187501E-5 1.8574138644832094E-5
0.5789473684210527 0.49999999999999994 0.8421052631578949 0.42560522899996917 0.3602601099999754 0.2141346610000538 4.9792639524845475E-5 3.807234121313008E-5 1.8900967757450733E-5
0.5789473684210527 0.49999999999999994 0.8947368421052633 0.4266316449999687 0.36788778499997565 0.2054805700000546 4.347129569962638E-5 3.5737307840541524E-5 1.8578934121575576E-5
0.5789473684210527 0.49999999999999994 0.9473684210526313 0.42719913699996914 0.3749071849999749 0.19789367800005592 4.754177972558782E-5 3.9741386374861357E-5 1.8183675874156038E-5
0.5789473684210527 0.49999999999999994 0.9999999999999999 0.42875046499996844 0.38074914899997364 0.19050038600005686 3.5149133206516244E-5 3.063727412563333E-5 1.6540868915883297E-5

0.6315789473684209 0.49999999999999994 0.0 0.09451038900000182 1.3145499999999894E-4 0.9053581559999863 3.827902248648707E-11 4.1911575531000026E-7 4.227350888785786E-7
0.6315789473684209 0.49999999999999994 0.05263157894736843 0.8625677779999207 0.0014566250000000018 0.13597559700007933 0.027965900735133765 8.427567212909963E-6 0.027294627708057732
0.6315789473684209 0.49999999999999994 0.10526315789473686 0.6414254049999447 0.058709243000000334 0.2998653520000533 0.0035351963483036875 1.9741860687727528E-4 0.003072717690209539
0.6315789473684209 0.49999999999999994 0.15789473684210523 0.5322465829999578 0.11085424300000138 0.35689917400004056 4.901153769237332E-4 8.27070336996357E-5 3.6849070591783717E-4
0.6315789473684209 0.49999999999999994 0.21052631578947373 0.4744655799999641 0.15511118799999923 0.37042323200003635 2.1941371633122652E-4 5.821443292428514E-5 1.18153813412325E-4
0.6315789473684209 0.49999999999999994 0.2631578947368421 0.4390172379999681 0.19311692099999517 0.3678658410000375 1.1860566182713695E-4 4.1418583050487064E-5 5.789930187408698E-5
0.6315789473684209 0.49999999999999994 0.31578947368421045 0.4179779409999708 0.2253316509999912 0.35669040800003815 9.566342072064582E-5 4.270818875960341E-5 4.653127022939407E-5
0.6315789473684209 0.49999999999999994 0.3684210526315789 0.4057494169999713 0.25222952099998835 0.3420210620000406 7.242530954257863E-5 4.124205739130665E-5 3.472493516934322E-5
0.6315789473684209 0.49999999999999994 0.42105263157894746 0.3970592099999722 0.2756105729999861 0.3273302170000413 6.599079709452004E-5 3.6788273937907176E-5 3.057455415686611E-5
0.6315789473684209 0.49999999999999994 0.47368421052631565 0.3935531019999734 0.29541364299998357 0.3110332550000436 6.517967718601136E-5 4.074555841559885E-5 2.876658075531141E-5
0.6315789473684209 0.49999999999999994 0.5263157894736842 0.3912631389999729 0.31227709999998243 0.29645976100004406 4.816930697724154E-5 3.2867527088666085E-5 2.4756347040025275E-5
0.6315789473684209 0.49999999999999994 0.5789473684210527 0.39188804899997276 0.3262722319999804 0.2818397190000466 5.707772155502111E-5 3.854050506941209E-5 2.5517582136816433E-5
0.6315789473684209 0.49999999999999994 0.6315789473684209 0.39059552999997327 0.3405285029999785 0.2688759670000478 5.021680801618189E-5 4.0292787785312095E-5 2.2517590268274212E-5
0.6315789473684209 0.49999999999999994 0.6842105263157895 0.39116141999997245 0.35191095899997743 0.2569276210000488 4.977753481632541E-5 3.995098213816356E-5 2.0358176715046253E-5
0.6315789473684209 0.49999999999999994 0.7368421052631579 0.3926590739999723 0.36179995199997544 0.24554097400005062 4.417438832180487E-5 3.412118998739889E-5 1.9802623050999002E-5
0.6315789473684209 0.49999999999999994 0.7894736842105264 0.39383710499997193 0.3710291739999756 0.2351337210000517 3.828898275932692E-5 3.3065789670960745E-5 1.9508716692923782E-5
0.6315789473684209 0.49999999999999994 0.8421052631578949 0.3951376889999727 0.37957793399997475 0.2252843770000526 3.970596205940535E-5 3.388313081742478E-5 1.8550135630263087E-5
0.6315789473684209 0.49999999999999994 0.8947368421052633 0.3966305759999727 0.3867852269999741 0.21658419700005385 3.959713710991186E-5 3.567141139664554E-5 1.801931380868635E-5
0.6315789473684209 0.49999999999999994 0.9473684210526313 0.39779429999997185 0.39428271499997264 0.20792298500005416 3.522433895376542E-5 2.9779550117850494E-5 1.7582514014292256E-5
0.6315789473684209 0.49999999999999994 0.9999999999999999 0.3998517699999721 0.4000933719999722 0.2000548580000555 3.928208003907141E-5 3.492493827180198E-5 1.6977891082478604E-5

0.6842105263157895 0.49999999999999994 0.0 0.08878142900000736 1.273189999999993E-4 0.9110912519999841 3.035505511013448E-10 4.222727359099986E-7 4.3421138345989263E-7
0.6842105263157895 0.49999999999999994 0.05263157894736843 0.8590694539999214 0.0016316700000000028 0.1392988760000785 0.029221539928142016 1.3637054438299991E-5 0.028480191161762702
0.6842105263157895 0.49999999999999994 0.10526315789473686 0.593328539999951 0.06813958200000088 0.33853187800004814 0.0035874913998273418 2.589583393326846E-4 0.002877374431040531
0.6842105263157895 0.49999999999999994 0.15789473684210523 0.49582396699996256 0.12009638200000149 0.38407965100003594 4.549383690474474E-4 9.1832602411512E-5 3.1205917441651243E-4
0.6842105263157895 0.49999999999999994 0.21052631578947373 0.4391999819999678 0.16577145899999837 0.39502855900003364 2.230180595614639E-4 6.416847153527215E-5 1.1428926703649923E-4
0.6842105263157895 0.49999999999999994 0.2631578947368421 0.40597216599997177 0.20482386599999403 0.3892039680000346 1.0338090243109665E-4 4.347884114630219E-5 4.95998534182307E-5
0.6842105263157895 0.49999999999999994 0.31578947368421045 0.3859642649999738 0.23783484799999 0.3762008870000365 8.570295165596375E-5 4.197374911702676E-5 3.762243512586971E-5
0.6842105263157895 0.49999999999999994 0.3684210526315789 0.37457410199997476 0.26505883899998683 0.3603670590000383 7.444242887451324E-5 4.555515105454099E-5 3.3776714476141394E-5
0.6842105263157895 0.49999999999999994 0.42105263157894746 0.3680745129999757 0.2890777669999847 0.34284772000003993 6.393849519299999E-5 4.263249738579861E-5 2.878279180014709E-5
0.6842105263157895 0.49999999999999994 0.47368421052631565 0.36515319199997603 0.30896039699998223 0.325886411000041 5.436084240353078E-5 3.916336907645867E-5 2.8881043381058515E-5
0.6842105263157895 0.49999999999999994 0.5263157894736842 0.3639573199999759 0.32603117099997997 0.31001150900004365 4.830353941136789E-5 3.649473815625775E-5 2.5601805243097297E-5
0.6842105263157895 0.49999999999999994 0.5789473684210527 0.36354258699997616 0.3415411599999787 0.2949162530000447 4.307415526773883E-5 3.3753476949308085E-5 2.1892185685418176E-5
0.6842105263157895 0.49999999999999994 0.6315789473684209 0.3646112299999754 0.35475936199997643 0.28062940800004704 4.164344019022548E-5 3.437867015073925E-5 2.1838365971178773E-5
0.6842105263157895 0.49999999999999994 0.6842105263157895 0.36447861299997564 0.36691241299997596 0.2686089740000477 3.868177547304841E-5 3.3117077432620606E-5 2.1418346238923082E-5
0.6842105263157895 0.49999999999999994 0.7368421052631579 0.365998777999976 0.37794148699997565 0.25605973500004875 4.0317607481052394E-5 3.368486922197544E-5 2.0494939352234954E-5
0.6842105263157895 0.49999999999999994 0.7894736842105264 0.3679981889999749 0.3870192109999734 0.24498260000005073 3.961555267386619E-5 3.64980953284244E-5 1.8965479715406242E-5
0.6842105263157895 0.49999999999999994 0.8421052631578949 0.36921047699997545 0.39564163299997196 0.2351478900000516 3.88545057379508E-5 3.4499854878455856E-5 1.8433277182811762E-5
0.6842105263157895 0.49999999999999994 0.8947368421052633 0.37056773099997503 0.4038181929999717 0.2256140760000527 3.665818653279529E-5 3.1931823676639715E-5 1.837815587174829E-5
0.6842105263157895 0.49999999999999994 0.9473684210526313 0.3721118989999756 0.4108169019999712 0.21707119900005378 3.68453397974644E-5 3.4874694898417995E-5 1.6759913153217148E-5
0.6842105263157895 0.49999999999999994 0.9999999999999999 0.37372817099997513 0.4175894079999709 0.20868242100005432 3.534557713958663E-5 3.285927242842046E-5 1.7844375615311272E-5

0.7368421052631579 0.49999999999999994 0.0 0.08097007700000554 1.1762299999999922E-4 0.9189122999999313 7.670306924334457E-12 3.440749541699966E-7 3.449965491952867E-7
0.7368421052631579 0.49999999999999994 0.05263157894736843 0.8184297059999267 0.007845931000000009 0.17372436300007316 0.02675959831648326 1.2706784204041086E-4 0.025913121036194576
0.7368421052631579 0.49999999999999994 0.10526315789473686 0.562778551999954 0.07297079400000117 0.3642506540000449 0.002811515497066636 2.5622997512036706E-4 0.0022656866135778195
0.7368421052631579 0.49999999999999994 0.15789473684210523 0.46389471599996523 0.12753958900000134 0.40856569500003265 3.7924176045455723E-4 8.116665553792624E-5 2.5595882479592934E-4
0.7368421052631579 0.49999999999999994 0.21052631578947373 0.4122518149999715 0.17366916299999707 0.41407902200003194 1.4819172991628328E-4 4.720456268517936E-5 8.164250145397677E-5
0.7368421052631579 0.49999999999999994 0.2631578947368421 0.37747176799997456 0.21447542699999267 0.40805280500003305 1.1151137816823862E-4 4.8848503971027356E-5 5.278256412492299E-5
0.7368421052631579 0.49999999999999994 0.31578947368421045 0.3594760129999764 0.247833474999989 0.39269051200003413 7.364251453022553E-5 4.1164770695348293E-5 3.6622383946455225E-5
0.7368421052631579 0.49999999999999994 0.3684210526315789 0.3504047619999782 0.2755042979999858 0.3740909400000369 5.42552471761812E-5 3.452646292806256E-5 2.9106753617022528E-5
0.7368421052631579 0.49999999999999994 0.42105263157894746 0.3435245859999782 0.300582811999983 0.35589260200003775 6.175049531130378E-5 3.9548897139503326E-5 3.01270767930073E-5
0.7368421052631579 0.49999999999999994 0.47368421052631565 0.3416293589999789 0.319951548999981 0.3384190920000407 4.2666186404309585E-5 3.1917475667567203E-5 2.371304084483189E-5
0.7368421052631579 0.49999999999999994 0.5263157894736842 0.3405577839999788 0.3382839319999787 0.32115828400004187 4.3518728627219004E-5 3.693816154644175E-5 2.4496370271047395E-5
0.7368421052631579 0.49999999999999994 0.5789473684210527 0.3398953909999785 0.3541493059999774 0.30595530300004403 4.140827225039695E-5 3.5793130541046656E-5 2.43407172996063E-5
0.7368421052631579 0.49999999999999994 0.6315789473684209 0.34147808699997884 0.3672083689999752 0.2913135440000453 3.904339149592011E-5 3.483690519871241E-5 2.2388315441798648E-5
0.7368421052631579 0.49999999999999994 0.6842105263157895 0.34196934299997883 0.3804499349999745 0.2775807220000471 3.547602209447026E-5 3.139730795317375E-5 1.939231323034446E-5
0.7368421052631579 0.49999999999999994 0.7368421052631579 0.34306831999997917 0.39131442399997296 0.2656172560000478 3.608924799595042E-5 3.5225014535547607E-5 1.991688003891573E-5
0.7368421052631579 0.49999999999999994 0.7894736842105264 0.3457490919999784 0.40048706999997213 0.25376383800004965 3.4434001770966555E-5 3.2481870968045776E-5 1.8311689834689393E-5
0.7368421052631579 0.49999999999999994 0.8421052631578949 0.3469238159999782 0.4093871369999714 0.24368904700005098 3.380682263493112E-5 3.08161894023079E-5 1.959934284682177E-5
0.7368421052631579 0.49999999999999994 0.8947368421052633 0.3483707079999785 0.41803697699997017 0.23359231500005148 3.637733746120197E-5 3.609259682237354E-5 1.9926744087808698E-5
0.7368421052631579 0.49999999999999994 0.9473684210526313 0.35013851599997775 0.42543380899996885 0.22442767500005284 3.039667569869203E-5 2.9919240316400588E-5 1.7389553842570017E-5
0.7368421052631579 0.49999999999999994 0.9999999999999999 0.35180289299997725 0.4324929879999685 0.21570411900005376 3.55328892090348E-5 3.351129250804274E-5 1.714821763985838E-5

0.7894736842105264 0.49999999999999994 0.0 0.07780006400000641 1.2737899999999854E-4 0.9220725570000237 6.358361059888296E-12 4.066824394100044E-7 4.073954277150626E-7
0.7894736842105264 0.49999999999999994 0.05263157894736843 0.764791507999928 0.014941310000000048 0.2202671820000676 0.02530649656957498 3.0396418545830886E-4 0.023834556623868335
0.7894736842105264 0.49999999999999994 0.10526315789473686 0.5306021169999573 0.07888165800000148 0.3905162250000402 0.0018497351380886147 1.9416243943734266E-4 0.0015299497167985399
0.7894736842105264 0.49999999999999994 0.15789473684210523 0.437105465999968 0.1342843390000011 0.4286101950000306 4.54993058022321E-4 1.0973805754753915E-4 2.652323617985092E-4
0.7894736842105264 0.49999999999999994 0.21052631578947373 0.3841911339999736 0.18208964799999625 0.43371921800003 1.624102339072925E-4 5.718448670650119E-5 7.965016800852708E-5
0.7894736842105264 0.49999999999999994 0.2631578947368421 0.3547312889999777 0.222608448999992 0.42266026200003026 9.781926768563098E-5 4.4338871251504286E-5 4.630067650421843E-5
0.7894736842105264 0.49999999999999994 0.31578947368421045 0.3380631089999788 0.25611683899998794 0.4058200520000332 7.706239323490155E-5 4.273865000300331E-5 3.7836892566855965E-5
0.7894736842105264 0.49999999999999994 0.3684210526315789 0.32776466499997986 0.28533155699998525 0.3869037780000337 5.904868508518762E-5 3.802235728869729E-5 3.1359203630942914E-5
0.7894736842105264 0.49999999999999994 0.42105263157894746 0.32258077499998117 0.30979359599998174 0.36762562900003676 5.048116048213397E-5 3.8643266181805075E-5 2.8387499743787186E-5
0.7894736842105264 0.49999999999999994 0.47368421052631565 0.3201660599999815 0.33066155399997954 0.3491723860000388 4.615892463138426E-5 3.625924057714391E-5 2.4710230406251033E-5
0.7894736842105264 0.49999999999999994 0.5263157894736842 0.3196444119999809 0.34890350299997835 0.33145208500004064 3.8620610799756936E-5 3.391294821433605E-5 2.3459636949980935E-5
0.7894736842105264 0.49999999999999994 0.5789473684210527 0.32001802199998114 0.36484568999997574 0.3151362880000432 4.02127141137798E-5 3.515614292790015E-5 2.310052268183066E-5
0.7894736842105264 0.49999999999999994 0.6315789473684209 0.32141497499998145 0.37872717199997524 0.2998578530000439 3.904208891432615E-5 3.485097321443698E-5 2.4028487224576905E-5
0.7894736842105264 0.49999999999999994 0.6842105263157895 0.3225505419999809 0.39145671099997253 0.28599274700004607 3.7800941184717995E-5 3.327513449957187E-5 2.177760716115945E-5
0.7894736842105264 0.49999999999999994 0.7368421052631579 0.323866406999981 0.4027472429999719 0.2733863500000472 3.42831744978081E-5 3.201587689953822E-5 1.9960606742168432E-5
0.7894736842105264 0.49999999999999994 0.7894736842105264 0.32603165699998005 0.41261734799997146 0.2613509950000481 3.297326025284153E-5 3.2835763944732974E-5 2.0113846849185996E-5
0.7894736842105264 0.49999999999999994 0.8421052631578949 0.32749287799997967 0.42198555399996923 0.25052156800005015 2.9710047755704405E-5 3.085089876617431E-5 1.962732865365621E-5
0.7894736842105264 0.49999999999999994 0.8947368421052633 0.32932125299997933 0.43029122699996825 0.24038752000005087 3.180411949435247E-5 3.11783209571731E-5 1.9876910010178246E-5
0.7894736842105264 0.49999999999999994 0.9473684210526313 0.3309207829999798 0.43815945299996856 0.23091976400005185 3.3627809368189096E-5 3.2654793681924364E-5 1.7809230843085497E-5
0.7894736842105264 0.49999999999999994 0.9999999999999999 0.3327862219999791 0.44488670099996847 0.22232707700005291 3.120311834325096E-5 2.940696051846325E-5 1.8099115289750556E-5

0.8421052631578949 0.49999999999999994 0.0 0.06989013299999845 1.1613899999999886E-4 0.9299937280000002 1.3172339694694778E-11 3.5157252930999477E-7 3.529710962291154E-7
0.8421052631578949 0.49999999999999994 0.05263157894736843 0.7707333249999351 0.012968571000000104 0.2162981040000681 0.02847730150887118 2.825015551293378E-4 0.02672656049519167
0.8421052631578949 0.49999999999999994 0.10526315789473686 0.5073164009999618 0.0832095400000017 0.409474059000038 0.002566512760341505 2.707738154726623E-4 0.0019381703965204442
0.8421052631578949 0.49999999999999994 0.15789473684210523 0.41139293799997106 0.14071047000000084 0.4478965920000285 2.985580205243754E-4 7.777619406504204E-5 1.7925882917356196E-4
0.8421052631578949 0.49999999999999994 0.21052631578947373 0.36284340499997625 0.18851122199999557 0.44864537300002805 1.4480737532454602E-4 5.2898905792375656E-5 7.149689396668824E-5
0.8421052631578949 0.49999999999999994 0.2631578947368421 0.3346754749999788 0.22937800799999086 0.43594651700003006 8.385562965384925E-5 4.1206833720366234E-5 4.24916944845366E-5
0.8421052631578949 0.49999999999999994 0.31578947368421045 0.3188920219999818 0.2634253059999871 0.4176826720000313 6.641148841143723E-5 4.255085025490768E-5 3.4550738147490207E-5
0.8421052631578949 0.49999999999999994 0.3684210526315789 0.30928611699998254 0.293229436999984 0.3974844460000337 5.7430234887906337E-5 4.12375832333195E-5 3.1149520284148856E-5
0.8421052631578949 0.49999999999999994 0.42105263157894746 0.3039043199999825 0.31829704899998146 0.3777986310000362 4.64757433604926E-5 3.836252593354683E-5 2.5822399325520216E-5
0.8421052631578949 0.49999999999999994 0.47368421052631565 0.3023338569999825 0.3392533759999788 0.3584127670000375 3.823655604864168E-5 3.4101000236697046E-5 2.341213978523382E-5
0.8421052631578949 0.49999999999999994 0.5263157894736842 0.302092553999982 0.3577956629999763 0.3401117830000402 3.595085624868433E-5 3.141679219956783E-5 2.346330607292252E-5
0.8421052631578949 0.49999999999999994 0.5789473684210527 0.3022613269999829 0.3743982179999753 0.32334045500004166 3.985260864067391E-5 3.6382162017387094E-5 2.3848054321337626E-5
0.8421052631578949 0.49999999999999994 0.6315789473684209 0.3033628969999822 0.38909272699997366 0.30754437600004386 3.6349109971454964E-5 3.494608094191664E-5 2.274208791260418E-5
0.8421052631578949 0.49999999999999994 0.6842105263157895 0.30499251199998256 0.40162106599997294 0.29338642200004517 2.9212048479339284E-5 3.150773419624276E-5 2.1235145543373187E-5
0.8421052631578949 0.49999999999999994 0.7368421052631579 0.30631103099998264 0.41335800799997086 0.28033096100004745 3.363727140660438E-5 3.4877846493944206E-5 1.916192815022283E-5
0.8421052631578949 0.49999999999999994 0.7894736842105264 0.3085136869999824 0.42325732599996946 0.2682289870000474 3.104899392053495E-5 3.142873099019061E-5 1.9399593090292656E-5
0.8421052631578949 0.49999999999999994 0.8421052631578949 0.3099202459999824 0.4332146909999687 0.25686506300004924 3.0220474503277194E-5 3.213858149628268E-5 2.0517023506971824E-5
0.8421052631578949 0.49999999999999994 0.8947368421052633 0.31170093799998216 0.44163474899996774 0.24666431300005054 2.9197861477645024E-5 2.9750322412139265E-5 1.881795476505535E-5
0.8421052631578949 0.49999999999999994 0.9473684210526313 0.31388462099998216 0.44902669599996736 0.2370886830000512 3.2261299005721666E-5 3.412279292953901E-5 1.8586936856073572E-5
0.8421052631578949 0.49999999999999994 0.9999999999999999 0.3158839629999818 0.4560376159999658 0.22807842100005224 3.091397365504317E-5 2.979405304616434E-5 1.834728489484641E-5

0.8947368421052633 0.49999999999999994 0.0 0.06731020899999804 1.3309099999999821E-4 0.9325567000000269 2.0679407925633388E-11 3.859548685899993E-7 3.8817678021940694E-7
0.8947368421052633 0.49999999999999994 0.05263157894736843 0.7259142609999372 0.018788943000000193 0.2552967960000633 0.027453218540116925 4.772408178563196E-4 0.025106842542455227
0.8947368421052633 0.49999999999999994 0.10526315789473686 0.4839279559999639 0.08742673300000155 0.4286453110000352 0.0020123787861792723 2.516942892439642E-4 0.0015143000156578213
0.8947368421052633 0.49999999999999994 0.15789473684210523 0.39409858399997244 0.14432363100000073 0.4615777850000267 3.2569534215252103E-4 8.906173487789917E-5 1.8166857144533144E-4
0.8947368421052633 0.49999999999999994 0.21052631578947373 0.3431861709999786 0.19462724399999534 0.4621865850000269 1.1653169665541556E-4 4.9866074915344564E-5 5.860499242084926E-5
0.8947368421052633 0.49999999999999994 0.2631578947368421 0.3173662259999816 0.23554925899998996 0.44708451500002855 8.025209527384864E-5 4.196769166878375E-5 4.190233419987809E-5
0.8947368421052633 0.49999999999999994 0.31578947368421045 0.301079618999983 0.27074311999998674 0.4281772610000302 6.0390299580855006E-5 4.214750892778535E-5 3.237260620918836E-5
0.8947368421052633 0.49999999999999994 0.3684210526315789 0.29198450499998385 0.30051607899998267 0.40749941600003253 5.009865916348749E-5 3.930368264318807E-5 2.7196763441150743E-5
0.8947368421052633 0.49999999999999994 0.42105263157894746 0.2877362779999847 0.32580801099997997 0.3864557110000341 4.308903757307553E-5 3.518854813321787E-5 2.6151667457569026E-5
0.8947368421052633 0.49999999999999994 0.47368421052631565 0.28592066199998534 0.3477424809999789 0.36633685700003676 3.639799350641376E-5 3.511087611227648E-5 2.492483859769523E-5
0.8947368421052633 0.49999999999999994 0.5263157894736842 0.2855376779999851 0.3663411009999755 0.3481212210000392 3.490402639648588E-5 3.285823831982726E-5 2.4280300107062947E-5
0.8947368421052633 0.49999999999999994 0.5789473684210527 0.2866436469999853 0.3828020879999744 0.33055426500004054 3.2378180606615344E-5 3.0621326609475695E-5 2.1654985524006962E-5
0.8947368421052633 0.49999999999999994 0.6315789473684209 0.288040544999985 0.39742137599997207 0.31453807900004305 3.266533331070937E-5 3.3329492035299994E-5 2.130781257104197E-5
0.8947368421052633 0.49999999999999994 0.6842105263157895 0.28885111999998425 0.41107428399997176 0.30007459600004427 3.305152565599156E-5 3.2072650648898306E-5 2.1885012241054658E-5
0.8947368421052633 0.49999999999999994 0.7368421052631579 0.2911112069999844 0.4220370419999698 0.2868517510000463 2.759702349675736E-5 2.8735506719429483E-5 2.0557681281044295E-5
0.8947368421052633 0.49999999999999994 0.7894736842105264 0.29303508199998407 0.4329735209999686 0.2739913970000474 2.8383596619487025E-5 2.9137872303183762E-5 1.8426516130044814E-5
0.8947368421052633 0.49999999999999994 0.8421052631578949 0.29470459699998336 0.44251413499996906 0.26278126800004836 2.909773561856621E-5 2.9571562451519152E-5 1.8985558640337296E-5
0.8947368421052633 0.49999999999999994 0.8947368421052633 0.29624296199998323 0.45112725199996684 0.2526297860000494 2.9880027151100997E-5 3.2611588558281725E-5 1.9504966448401215E-5
0.8947368421052633 0.49999999999999994 0.9473684210526313 0.29859173899998304 0.4591437289999657 0.24226453200005116 2.570818231206751E-5 2.8255436978205654E-5 1.7797101815662796E-5
0.8947368421052633 0.49999999999999994 0.9999999999999999 0.3002592489999835 0.46622431899996497 0.2335164320000515 2.6797844350971713E-5 3.0064851121847096E-5 1.764984076274914E-5

0.9473684210526313 0.49999999999999994 0.0 0.06142000000000006 1.1259699999999891E-4 0.9384674030000121 -5.416674053737584E-17 3.163589797099942E-7 3.1635900380466705E-7
0.9473684210526313 0.49999999999999994 0.05263157894736843 0.691505735999941 0.021390022000000158 0.2871042420000585 0.02571098534813657 5.069726047584698E-4 0.023493109297501254
0.9473684210526313 0.49999999999999994 0.10526315789473686 0.46303612199996486 0.09116418500000166 0.44579969300003375 0.00177057760156831 2.5583317449425315E-4 0.0013038634021785623
0.9473684210526313 0.49999999999999994 0.15789473684210523 0.37533902699997423 0.14958769699999988 0.47507327600002575 3.042018808930597E-4 8.45582748321673E-5 1.763766213186052E-4
0.9473684210526313 0.49999999999999994 0.21052631578947373 0.32776005699998023 0.19888835999999457 0.47335158300002594 1.073097139861215E-4 4.8513632335537435E-5 5.4619514471607175E-5
0.9473684210526313 0.49999999999999994 0.2631578947368421 0.3010771999999827 0.24076955599998992 0.4581532440000269 6.734228327067992E-5 4.270741319985574E-5 3.794465545730874E-5
0.9473684210526313 0.49999999999999994 0.31578947368421045 0.28659794499998464 0.27601965499998576 0.43738240000003015 5.791076374923043E-5 3.822508030961319E-5 3.078998515891052E-5
0.9473684210526313 0.49999999999999994 0.3684210526315789 0.27768643299998597 0.30629730799998195 0.4160162590000306 4.5348498526137655E-5 3.8258365631775594E-5 3.0206531540427628E-5
0.9473684210526313 0.49999999999999994 0.42105263157894746 0.27326131999998615 0.33199345299997907 0.3947452270000341 3.8774996436852224E-5 3.4341317599123625E-5 2.5711478148857105E-5
0.9473684210526313 0.49999999999999994 0.47368421052631565 0.2719761319999862 0.35429193399997727 0.37373193400003635 3.780525165017339E-5 3.656590584716624E-5 2.6013932239934973E-5
0.9473684210526313 0.49999999999999994 0.5263157894736842 0.27143058699998596 0.37396296199997486 0.3546064510000375 2.940810168980401E-5 3.283982647138695E-5 2.3291657702384506E-5
0.9473684210526313 0.49999999999999994 0.5789473684210527 0.27258858099998606 0.39024924999997296 0.33716216900004053 3.306875067641962E-5 3.422428852854487E-5 2.2130787374961824E-5
0.9473684210526313 0.49999999999999994 0.6315789473684209 0.27336667299998607 0.4054390579999714 0.3211942690000414 3.077716115267026E-5 3.352550470795135E-5 2.1480088752810766E-5
0.9473684210526313 0.49999999999999994 0.6842105263157895 0.27529592399998604 0.4185555759999699 0.3061485000000438 3.222545349205186E-5 3.343324573730489E-5 2.1208607552596066E-5
0.9473684210526313 0.49999999999999994 0.7368421052631579 0.27726645199998595 0.4302991079999681 0.2924344400000455 2.895483131089421E-5 3.4234954865799966E-5 2.057519266955854E-5
0.9473684210526313 0.49999999999999994 0.7894736842105264 0.2787549119999859 0.44145427699996825 0.2797908110000468 2.7186740143901602E-5 3.3003057177638515E-5 2.091674584287217E-5
0.9473684210526313 0.49999999999999994 0.8421052631578949 0.2810379739999853 0.4508563799999667 0.26810564600004805 2.5543996401521105E-5 2.8641847740012997E-5 1.97303977937921E-5
0.9473684210526313 0.49999999999999994 0.8947368421052633 0.28298185599998493 0.4598566829999649 0.2571614610000487 2.7079834644343215E-5 3.153904404471774E-5 1.9539750530145337E-5
0.9473684210526313 0.49999999999999994 0.9473684210526313 0.2843016939999854 0.4684839649999648 0.2472143410000504 2.5840988123283785E-5 2.928692459041038E-5 1.7951427437216255E-5
0.9473684210526313 0.49999999999999994 0.9999999999999999 0.2861894079999853 0.475692573999965 0.23811801800005125 2.529418321666754E-5 2.7843236919153357E-5 1.7129268255391267E-5

0.9999999999999999 0.49999999999999994 0.0 0.058099999999997994 1.1258599999999922E-4 0.9417874140000032 4.191959279697954E-16 3.291212544999976E-7 3.2912132162943304E-7
0.9999999999999999 0.49999999999999994 0.05263157894736843 0.6956892379999369 0.01993820300000008 0.2843725590000605 0.025400555395509963 4.879671994114873E-4 0.023352320727550047
0.9999999999999999 0.49999999999999994 0.10526315789473686 0.4480390359999663 0.09407697500000156 0.4578839890000319 0.0018761098353361648 2.9174390460784736E-4 0.0013203269147227747
0.9999999999999999 0.49999999999999994 0.15789473684210523 0.3607138479999765 0.15272444799999974 0.48656170400002396 2.4120872355368748E-4 8.290794356548835E-5 1.3808004898343553E-4
0.9999999999999999 0.49999999999999994 0.21052631578947373 0.3138775779999824 0.2030685669999941 0.48305385500002435 1.306967567431802E-4 5.3894779046752966E-5 6.482246962634108E-5
0.9999999999999999 0.49999999999999994 0.2631578947368421 0.28632334899998474 0.24627625999998923 0.46740039100002645 6.633121363120025E-5 4.205191967592766E-5 3.337444058159888E-5
0.9999999999999999 0.49999999999999994 0.31578947368421045 0.2728242779999861 0.2812317389999854 0.4459439830000285 5.815765342181839E-5 4.165589905024414E-5 3.2832057569648355E-5
0.9999999999999999 0.49999999999999994 0.3684210526315789 0.26458281599998756 0.31213804499998243 0.423279139000031 3.861373222093789E-5 3.271501308389768E-5 2.682951567971881E-5
0.9999999999999999 0.49999999999999994 0.42105263157894746 0.260633693999988 0.3379394549999788 0.40142685100003384 3.924543113592721E-5 3.726531242020797E-5 2.6749165844364155E-5
0.9999999999999999 0.49999999999999994 0.47368421052631565 0.25897649599998784 0.3606984619999761 0.38032504200003536 3.688037346585293E-5 3.600038158883545E-5 2.4814232532335838E-5
0.9999999999999999 0.49999999999999994 0.5263157894736842 0.2593284149999877 0.3795456419999752 0.361125943000038 3.2810945267382204E-5 3.646794329482395E-5 2.307929260735031E-5
0.9999999999999999 0.49999999999999994 0.5789473684210527 0.25939539599998807 0.3976248089999723 0.3429797950000403 3.2568657328345405E-5 3.440201232061124E-5 2.2639207209715353E-5
0.9999999999999999 0.49999999999999994 0.6315789473684209 0.26120870399998736 0.4122863459999717 0.3265049500000413 2.749315678961528E-5 2.927176744726423E-5 2.1731352451828667E-5
0.9999999999999999 0.49999999999999994 0.6842105263157895 0.2631498209999872 0.4256182009999695 0.31123197800004343 2.8512644014967725E-5 2.9478543011474125E-5 2.103173350979787E-5
0.9999999999999999 0.49999999999999994 0.7368421052631579 0.264162697999987 0.4383997039999673 0.29743759800004455 2.6358415139363103E-5 3.1856854902001514E-5 2.2273737141248474E-5
0.9999999999999999 0.49999999999999994 0.7894736842105264 0.2664243599999867 0.4492086319999678 0.28436700800004683 2.5269675344478936E-5 2.9655050041990645E-5 2.0159176253836678E-5
0.9999999999999999 0.49999999999999994 0.8421052631578949 0.26811546399998576 0.4592005399999658 0.27268399600004745 2.767843959635419E-5 3.191092314396293E-5 2.0380099909567125E-5
0.9999999999999999 0.49999999999999994 0.8947368421052633 0.2700484219999869 0.4682057509999645 0.26174582700004834 2.551146844289587E-5 2.9012800304625826E-5 1.9476379473014336E-5
0.9999999999999999 0.49999999999999994 0.9473684210526313 0.27218084899998574 0.47631945999996467 0.2514996910000499 2.4398044294346442E-5 2.950537841232004E-5 1.7883373415317203E-5
0.9999999999999999 0.49999999999999994 0.9999999999999999 0.2738242009999858 0.48394335699996266 0.24223244200005078 2.5481552210633586E-5 3.070941904435576E-5 1.818675988780605E-5
