0.0 0.5 0.0 0.3248999999999307 0.0 0.6751000000016772 -1.305483499081106E-13 0.0 -2.5376367673857203E-12
0.0 0.5 0.05263157894736842 0.7570519210000216 0.0 0.24294807900002302 0.001219469097273329 0.0 0.0012194690973002173
0.0 0.5 0.10526315789473684 0.9342254129999265 0.0 0.0657745869999889 3.534437550617442E-4 0.0 3.534437548815307E-4
0.0 0.5 0.15789473684210525 0.9752886259999604 0.0 0.024711373999999047 1.3417173091112566E-4 0.0 1.3417173063200193E-4
0.0 0.5 0.21052631578947367 0.9930044710000709 0.0 0.006995529000002706 2.118361718117523E-5 0.0 2.1183617310234753E-5
0.0 0.5 0.2631578947368421 0.9921767660000987 0.0 0.0078232340000012 2.7881336330581874E-5 0.0 2.7881336181259574E-5
0.0 0.5 0.3157894736842105 0.9991003940002393 0.0 8.996060000002153E-4 3.8546595781951964E-7 0.0 3.854668447606741E-7
0.0 0.5 0.3684210526315789 0.9986290579984246 0.0 0.0013709419999982254 3.5118873999984146E-6 0.0 3.5118848326409433E-6
0.0 0.5 0.42105263157894735 0.9996801689987432 0.0 3.1983099999988217E-4 1.3318625757818836E-7 0.0 1.331834314388395E-7
0.0 0.5 0.47368421052631576 0.9998611109985335 0.0 1.3888900000007297E-4 1.6812004788313573E-8 0.0 1.681014567895739E-8
0.0 0.5 0.5263157894736842 0.9996916539976188 0.0 3.083460000001994E-4 1.835324684451578E-7 0.0 1.835297442838404E-7
0.0 0.5 0.5789473684210527 0.9999365949980928 0.0 6.340500000000246E-5 1.6751005804671593E-8 0.0 1.6749305974988968E-8
0.0 0.5 0.631578947368421 0.9999686939979914 0.0 3.130599999998717E-5 2.7888925613339666E-9 0.0 2.787134364001356E-9
0.0 0.5 0.6842105263157895 0.9999887229980704 0.0 1.1276999999999438E-5 2.0948615064853016E-9 0.0 2.092929270999959E-9
0.0 0.5 0.7368421052631579 0.9999785749980733 0.0 2.142499999999531E-5 1.6852198525540985E-9 0.0 1.6834693750006746E-9
0.0 0.5 0.7894736842105263 0.9999584439976352 0.0 4.155600000000865E-5 2.509264462879912E-9 0.0 2.507098863998287E-9
0.0 0.5 0.8421052631578947 0.999999099998084 0.0 8.999999999999916E-7 9.110590060146251E-11 0.0 8.919000000000131E-11
0.0 0.5 0.8947368421052632 0.9999836559980705 0.0 1.6344000000001384E-5 1.3691484612721183E-9 0.0 1.3672736640002725E-9
0.0 0.5 0.9473684210526315 0.9999481839974571 0.0 5.1816000000032275E-5 3.3088676243409054E-9 0.0 3.3065021439885116E-9
0.0 0.5 1.0 0.9999527189975572 0.0 4.728100000002222E-5 3.137260895513805E-9 0.0 3.1350070389923054E-9

0.05263157894736842 0.5 0.0 0.2948999999997582 0.0 0.7050999999988123 3.2383817849535035E-13 0.0 1.2402301408087624E-12
0.05263157894736842 0.5 0.05263157894736842 0.7937863900001144 0.0 0.20621360999994934 9.694888440047178E-4 0.0 9.694888441688088E-4
0.05263157894736842 0.5 0.10526315789473684 0.9256175629998029 0.0 0.07438243699999764 5.921482188918636E-4 0.0 5.921482184412527E-4
0.05263157894736842 0.5 0.15789473684210525 0.9913517459997135 0.0 0.00864825400000103 1.3811553320475234E-5 0.0 1.3811552151487584E-5
0.05263157894736842 0.5 0.21052631578947367 0.994893209999544 0.0 0.005106789999999598 9.66815836511703E-6 0.0 9.668157295895458E-6
0.05263157894736842 0.5 0.2631578947368421 0.9983669450003277 0.0 0.0016330549999997988 1.3244477454765757E-6 0.0 1.3244482669781671E-6
0.05263157894736842 0.5 0.3157894736842105 0.9992522280006716 0.0 7.477720000012815E-4 5.490232584115518E-7 0.0 5.490258360135605E-7
0.05263157894736842 0.5 0.3684210526315789 0.9999635209980785 0.0 3.647900000000861E-5 9.38206612399739E-9 0.0 9.380182559001823E-9
0.05263157894736842 0.5 0.42105263157894735 0.9999360539980109 0.0 6.394599999997112E-5 1.2254763426255977E-8 0.0 1.2252909083998285E-8
0.05263157894736842 0.5 0.47368421052631576 0.9999436599977041 0.0 5.634000000006166E-5 7.317863093270205E-9 0.0 7.315804400005752E-9
0.05263157894736842 0.5 0.5263157894736842 0.9999331209979092 0.0 6.687899999999369E-5 1.21124539287365E-8 0.0 1.2110499358989895E-8
0.05263157894736842 0.5 0.5789473684210527 0.9998410189974709 0.0 1.5898099999971322E-4 5.065192643094463E-8 0.0 5.0649341639161426E-8
0.05263157894736842 0.5 0.631578947368421 0.9999528439974721 0.0 4.7156000000020926E-5 2.494263573460387E-9 0.0 2.491911663995193E-9
0.05263157894736842 0.5 0.6842105263157895 0.9999748339980707 0.0 2.5165999999990838E-5 1.884940759033782E-9 0.0 1.8832724440010494E-9
0.05263157894736842 0.5 0.7368421052631579 0.9999293509979443 0.0 7.064900000001242E-5 1.4978469020654472E-8 0.0 1.497661879898211E-8
0.05263157894736842 0.5 0.7894736842105263 0.9999930539980655 0.0 6.945999999999114E-6 6.483031889104041E-10 0.0 6.463530840000418E-10
0.05263157894736842 0.5 0.8421052631578947 0.999960973998082 0.0 3.9026000000002143E-5 6.108166084040079E-9 0.0 6.106371324002068E-9
0.05263157894736842 0.5 0.8947368421052632 0.9999995189980838 0.0 4.810000000000045E-7 4.978473189254373E-11 0.0 4.786863899999992E-11
0.05263157894736842 0.5 0.9473684210526315 0.9999774409980717 0.0 2.2558999999994405E-5 3.331443565457448E-9 0.0 3.32959151900023E-9
0.05263157894736842 0.5 1.0 0.9999996229980838 0.0 3.770000000000024E-7 3.9474201685152366E-11 0.0 3.7557871000000093E-11

0.10526315789473684 0.5 0.0 0.2724000000004397 0.0 0.7275999999983133 -9.620082508376981E-14 0.0 3.073430399069821E-12
0.10526315789473684 0.5 0.05263157894736842 0.8325293199997224 0.0 0.1674706800000137 5.752200459494539E-4 0.0 5.75220045532919E-4
0.10526315789473684 0.5 0.10526315789473684 0.9724240969998389 0.0 0.02757590299998973 9.061358565765065E-5 0.0 9.061358563530806E-5
0.10526315789473684 0.5 0.15789473684210525 0.9901746519999515 0.0 0.009825347999998681 1.9923282937095443E-5 0.0 1.992328227896208E-5
0.10526315789473684 0.5 0.21052631578947367 0.9995963910007102 0.0 4.0360899999933113E-4 4.1835350406138616E-8 0.0 4.1837875119365925E-8
0.10526315789473684 0.5 0.2631578947368421 0.9995254250005113 0.0 4.745749999986062E-4 1.8931921053066958E-7 0.0 1.8932086937755541E-7
0.10526315789473684 0.5 0.3157894736842105 0.9997601419988189 0.0 2.3985799999953617E-4 5.378422707202901E-8 0.0 5.378093983642096E-8
0.10526315789473684 0.5 0.3684210526315789 0.9999629189980144 0.0 3.7080999999996584E-5 4.729618141574576E-9 0.0 4.72789943899333E-9
0.10526315789473684 0.5 0.42105263157894735 0.9998925039977236 0.0 1.0749600000009974E-4 2.2326167470332337E-8 0.0 2.2324009983960576E-8
0.10526315789473684 0.5 0.47368421052631576 0.9999133139980176 0.0 8.668600000005234E-5 1.7472947089203217E-8 0.0 1.7471137403979403E-8
0.10526315789473684 0.5 0.5263157894736842 0.9999579469980429 0.0 4.20530000000285E-5 5.553946857972392E-9 0.0 5.5522451909946065E-9
0.10526315789473684 0.5 0.5789473684210527 0.9998873479982509 0.0 1.1265200000010204E-4 8.285748864800269E-9 0.0 8.282326895907938E-9
0.10526315789473684 0.5 0.631578947368421 0.9999945449980744 0.0 5.454999999999616E-6 6.478759750905283E-10 0.0 6.459429750000258E-10
0.10526315789473684 0.5 0.6842105263157895 0.9999956809980776 0.0 4.319000000000029E-6 4.1517400628521273E-10 0.0 4.132462389999661E-10
0.10526315789473684 0.5 0.7368421052631579 0.9999218659980644 0.0 7.813400000004048E-5 2.1663973837071637E-8 0.0 2.1662278043979802E-8
0.10526315789473684 0.5 0.7894736842105263 0.9999955739980768 0.0 4.425999999999992E-6 4.249395280098156E-10 0.0 4.2301052399996416E-10
0.10526315789473684 0.5 0.8421052631578947 0.9999994939980839 0.0 5.060000000000037E-7 5.226008514824798E-11 0.0 5.0343963999999875E-11
0.10526315789473684 0.5 0.8947368421052632 0.9999831049980686 0.0 1.68949999999999E-5 3.1174195447292163E-9 0.0 3.1154589750004165E-9
0.10526315789473684 0.5 0.9473684210526315 0.9999527929977469 0.0 4.72070000000187E-5 5.415025206012558E-9 0.0 5.41299915098889E-9
0.10526315789473684 0.5 1.0 0.9999992519980839 0.0 7.479999999999963E-7 7.615641450797739E-11 0.0 7.424049600000056E-11

0.15789473684210525 0.5 0.0 0.23630000000035015 0.0 0.7636999999985151 -1.145333827778927E-13 0.0 1.7985612998927536E-12
0.15789473684210525 0.5 0.05263157894736842 0.8491553389999571 0.0 0.1508446609999755 5.214934257725679E-4 0.0 5.214934257033281E-4
0.15789473684210525 0.5 0.10526315789473684 0.9615850840001235 0.0 0.03841491600002194 1.4074625612792158E-4 0.0 1.4074625631101036E-4
0.15789473684210525 0.5 0.15789473684210525 0.9975792480008222 0.0 0.002420752000001772 1.4253133540087504E-6 0.0 1.4253149544965184E-6
0.15789473684210525 0.5 0.21052631578947367 0.9994748729996906 0.0 5.251270000005038E-4 1.3879133153871237E-7 0.0 1.3879053387003245E-7
0.15789473684210525 0.5 0.2631578947368421 0.9997142469988881 0.0 2.8575300000029954E-4 5.791166857171959E-8 0.0 5.790932299076042E-8
0.15789473684210525 0.5 0.3157894736842105 0.9996872060000227 0.0 3.127939999996156E-4 3.412562377125283E-8 0.0 3.412551356387471E-8
0.15789473684210525 0.5 0.3684210526315789 0.9993041210003015 0.0 6.958790000007337E-4 3.1409614864585933E-7 0.0 3.140977173562401E-7
0.15789473684210525 0.5 0.42105263157894735 0.9998854779978229 0.0 1.1452200000006752E-4 2.7841727923139103E-8 0.0 2.7839511516006578E-8
0.15789473684210525 0.5 0.47368421052631576 0.9999282439974417 0.0 7.175600000007437E-5 9.515648935476406E-9 0.0 9.513276464006641E-9
0.15789473684210525 0.5 0.5263157894736842 0.999896975997632 0.0 1.0302400000009962E-4 2.0658520782923517E-8 0.0 2.065625542394502E-8
0.15789473684210525 0.5 0.5789473684210527 0.9998864209978355 0.0 1.1357900000006347E-4 3.05420706503412E-8 0.0 3.0539910758998006E-8
0.15789473684210525 0.5 0.631578947368421 0.9998623389983544 0.0 1.3766099999995094E-4 1.422425199848476E-8 0.0 1.4220949078932902E-8
0.15789473684210525 0.5 0.6842105263157895 0.9999645599979408 0.0 3.543999999999406E-5 3.3724151249359124E-9 0.0 3.3706063999973777E-9
0.15789473684210525 0.5 0.7368421052631579 0.999958967998081 0.0 4.103200000002669E-5 8.07565636584684E-9 0.0 8.073974976003888E-9
0.15789473684210525 0.5 0.7894736842105263 0.9999519659980852 0.0 4.803399999999246E-5 9.328512295958546E-9 0.0 9.326734844002767E-9
0.15789473684210525 0.5 0.8421052631578947 0.999974114998074 0.0 2.588499999999092E-5 3.3462116411087095E-9 0.0 3.344466774999892E-9
0.15789473684210525 0.5 0.8947368421052632 0.9999928599980656 0.0 7.1399999999990465E-6 6.649709671791015E-10 0.0 6.63020400000049E-10
0.15789473684210525 0.5 0.9473684210526315 0.9999593919980807 0.0 4.060800000000632E-5 7.715574512623391E-9 0.0 7.713790336002652E-9
0.15789473684210525 0.5 1.0 0.9999961649980806 0.0 3.835000000000198E-6 3.7071568037561065E-10 0.0 3.6879277499997496E-10

0.21052631578947367 0.5 0.0 0.20460000000035483 0.0 0.7953999999984991 -1.5578510703662118E-13 0.0 3.000710790956873E-12
0.21052631578947367 0.5 0.05263157894736842 0.7901675020000549 0.0 0.20983249799997675 0.0010741523014087262 0.0 0.001074152301685699
0.21052631578947367 0.5 0.10526315789473684 0.9878168520001173 0.0 0.012183147999999354 1.5403862513307942E-5 0.0 1.5403862610204147E-5
0.21052631578947367 0.5 0.15789473684210525 0.998793344999518 0.0 0.0012066549999994035 4.820528662907719E-7 0.0 4.820518109751678E-7
0.21052631578947367 0.5 0.21052631578947367 0.9997547379991745 0.0 2.452619999995828E-4 2.5396841185632013E-8 0.0 2.5395351356206047E-8
0.21052631578947367 0.5 0.2631578947368421 0.9993967550008829 0.0 6.032450000016438E-4 7.631647747086134E-8 0.0 7.631936997235388E-8
0.21052631578947367 0.5 0.3157894736842105 0.9997656289999973 0.0 2.3437100000022815E-4 2.3938076965102084E-8 0.0 2.3939134358713334E-8
0.21052631578947367 0.5 0.3684210526315789 0.9999294969980523 0.0 7.050300000001487E-5 1.8061115381051707E-8 0.0 1.8059426990979738E-8
0.21052631578947367 0.5 0.42105263157894735 0.9997392349985198 0.0 2.6076500000025857E-4 5.684450732346136E-8 0.0 5.6841914774632984E-8
0.21052631578947367 0.5 0.47368421052631576 0.9999330089980867 0.0 6.699100000001221E-5 2.4922344743494307E-8 0.0 2.4920505918984832E-8
0.21052631578947367 0.5 0.5263157894736842 0.9998951599979573 0.0 1.0484000000009215E-4 1.7480170422246033E-8 0.0 1.74781743999546E-8
0.21052631578947367 0.5 0.5789473684210527 0.9999662519979767 0.0 3.374799999999097E-5 3.2472412536677098E-9 0.0 3.2454724959984935E-9
0.21052631578947367 0.5 0.631578947368421 0.9999510639980784 0.0 4.893600000000734E-5 1.5706910660995277E-8 0.0 1.570506790399148E-8
0.21052631578947367 0.5 0.6842105263157895 0.9999743129980749 0.0 2.568699999999113E-5 2.5689997906752637E-9 0.0 2.567278031001014E-9
0.21052631578947367 0.5 0.7368421052631579 0.9999516089979396 0.0 4.839100000003175E-5 6.5848360097930936E-9 0.0 6.583011119005036E-9
0.21052631578947367 0.5 0.7894736842105263 0.9999780559980735 0.0 2.194399999999469E-5 1.7145986852540318E-9 0.0 1.7128608640007226E-9
0.21052631578947367 0.5 0.8421052631578947 0.9999558779977195 0.0 4.4122000000012647E-5 3.771310375100256E-9 0.0 3.76924911599166E-9
0.21052631578947367 0.5 0.8947368421052632 0.9999903729980669 0.0 9.626999999999872E-6 8.719798216816343E-10 0.0 8.700208710001141E-10
0.21052631578947367 0.5 0.9473684210526315 0.9999743409980749 0.0 2.565899999998776E-5 3.1467005667806802E-9 0.0 3.144915719000737E-9
0.21052631578947367 0.5 1.0 0.9999825239980706 0.0 1.747599999999549E-5 2.923931319287476E-9 0.0 2.921989424000413E-9

0.2631578947368421 0.5 0.0 0.18430000000012328 0.0 0.8157000000007001 9.776901510605285E-15 0.0 -4.100053629940703E-13
0.2631578947368421 0.5 0.05263157894736842 0.7905087709999097 0.0 0.20949122899999809 9.469386758915732E-4 0.0 9.469386757536141E-4
0.2631578947368421 0.5 0.10526315789473684 0.9952181039997451 0.0 0.00478189599999952 1.3792565558556902E-6 0.0 1.3792560452115204E-6
0.2631578947368421 0.5 0.15789473684210525 0.9995306119997183 0.0 4.6938800000044214E-4 1.4849170448805182E-8 0.0 1.4848705455505617E-8
0.2631578947368421 0.5 0.21052631578947367 0.999513644000494 0.0 4.863560000001094E-4 4.4371225582651164E-8 0.0 4.437304126333258E-8
0.2631578947368421 0.5 0.2631578947368421 0.9996766700011493 0.0 3.2332999999907554E-4 1.2341020427797389E-8 0.0 1.2344511100262809E-8
0.2631578947368421 0.5 0.3157894736842105 0.9999178489974764 0.0 8.215100000002398E-5 1.067737054327722E-8 0.0 1.0674913198968923E-8
0.2631578947368421 0.5 0.3684210526315789 0.9997273459987818 0.0 2.7265400000020643E-4 5.7300660993853114E-8 0.0 5.729679628361355E-8
0.2631578947368421 0.5 0.42105263157894735 0.9998510219982583 0.0 1.489779999998247E-4 3.128428816001616E-8 0.0 3.128095551601865E-8
0.2631578947368421 0.5 0.47368421052631576 0.99993223599751 0.0 6.776400000004884E-5 6.845798372623335E-9 0.0 6.843440304007053E-9
0.2631578947368421 0.5 0.5263157894736842 0.9999927779980702 0.0 7.221999999998936E-6 1.0111816939328833E-9 0.0 1.0092427160001533E-9
0.2631578947368421 0.5 0.5789473684210527 0.9999169879980002 0.0 8.301200000005003E-5 2.1612734157905322E-8 0.0 2.16110078559753E-8
0.2631578947368421 0.5 0.631578947368421 0.9999752179980729 0.0 2.478199999999955E-5 6.2073989282041E-9 0.0 6.205452475999297E-9
0.2631578947368421 0.5 0.6842105263157895 0.9999534789978093 0.0 4.652100000002141E-5 5.688854720631298E-9 0.0 5.686896558990796E-9
0.2631578947368421 0.5 0.7368421052631579 0.9999298129978955 0.0 7.018699999998987E-5 1.4342426135627306E-8 0.0 1.4340485030978525E-8
0.2631578947368421 0.5 0.7894736842105263 0.9999616239980785 0.0 3.8376000000017835E-5 1.0542908768229609E-8 0.0 1.054108262400462E-8
0.2631578947368421 0.5 0.8421052631578947 0.9999924169980654 0.0 7.58299999999881E-6 9.253461330516188E-10 0.0 9.23398111000181E-10
0.2631578947368421 0.5 0.8947368421052632 0.9999925419980658 0.0 7.457999999998936E-6 6.921300199635994E-10 0.0 6.90178236000061E-10
0.2631578947368421 0.5 0.9473684210526315 0.9999718539980746 0.0 2.814599999998698E-5 4.771830819372269E-9 0.0 4.770002683997376E-9
0.2631578947368421 0.5 1.0 0.9999359119977961 0.0 6.408800000002925E-5 1.0358351620887163E-8 0.0 1.0356328256007088E-8

0.3157894736842105 0.5 0.0 0.16720000000002003 0.0 0.8327999999979608 -5.654851586989196E-14 0.0 3.745781462782816E-12
0.3157894736842105 0.5 0.05263157894736842 0.8841372260000295 0.0 0.1158627740000131 2.658522340314162E-4 0.0 2.6585223422123487E-4
0.3157894736842105 0.5 0.10526315789473684 0.9952717129996137 0.0 0.004728286999998791 6.610295607556438E-7 0.0 6.610283456664844E-7
0.3157894736842105 0.5 0.15789473684210525 0.9990187460009532 0.0 9.812540000002689E-4 2.0086586938194984E-7 0.0 2.008681874814916E-7
0.3157894736842105 0.5 0.21052631578947367 0.9992923959998369 0.0 7.076040000006688E-4 2.2811154432034186E-7 0.0 2.2811217918158715E-7
0.3157894736842105 0.5 0.2631578947368421 0.9991110800008214 0.0 8.889200000010529E-4 4.892985889792811E-7 0.0 4.893012335999037E-7
0.3157894736842105 0.5 0.3157894736842105 0.9996052519997157 0.0 3.9474800000000433E-4 9.066215023167956E-8 0.0 9.066041649628425E-8
0.3157894736842105 0.5 0.3684210526315789 0.9998225049980362 0.0 1.7749499999986857E-4 5.774769584743211E-8 0.0 5.7745224974999426E-8
0.3157894736842105 0.5 0.42105263157894735 0.9765098059999572 0.010819899000000698 0.012670295000000335 1.1305491179436356E-4 2.5294007129793953E-5 3.305019891298186E-5
0.3157894736842105 0.5 0.47368421052631576 0.8904346280000657 0.053325808000000495 0.056239563999999034 2.2256221551086863E-4 5.809663414691867E-5 6.035755728982283E-5
0.3157894736842105 0.5 0.5263157894736842 0.8653028370000175 0.06908861899999993 0.06560854399999827 1.742249567034948E-4 5.2610578172556516E-5 4.409355019989545E-5
0.3157894736842105 0.5 0.5789473684210527 0.8321719399999802 0.09005567499999968 0.07777238500000075 3.318526389810561E-4 1.062371749940439E-4 7.129594031169209E-5
0.3157894736842105 0.5 0.631578947368421 0.810202142999999 0.1058510449999997 0.08394681199999789 1.423793503174675E-4 5.2655799506567263E-5 3.172258943704223E-5
0.3157894736842105 0.5 0.6842105263157895 0.7925479489999863 0.1197702599999978 0.08768179100000172 2.208249813943075E-4 8.257658473184541E-5 4.3844009331637374E-5
0.3157894736842105 0.5 0.7368421052631579 0.7849047929999997 0.1281304969999996 0.08696471000000155 1.876535381232225E-4 7.579990983104176E-5 3.469922481524456E-5
0.3157894736842105 0.5 0.7894736842105263 0.7724346560000052 0.13934935299999968 0.0882159910000027 1.0609073313938566E-4 4.672831497897281E-5 2.152929518745017E-5
0.3157894736842105 0.5 0.8421052631578947 0.7623142880000037 0.14925254100000063 0.08843317099999998 1.3966053386260668E-4 6.0856814141259374E-5 2.615773138430269E-5
0.3157894736842105 0.5 0.8947368421052632 0.7572559649999965 0.15567850299999555 0.08706553199999889 1.5766199904310163E-4 7.514032637851234E-5 2.405586295712095E-5
0.3157894736842105 0.5 0.9473684210526315 0.752021736000015 0.16234394200000626 0.08563432199999979 9.319587197187396E-5 4.663864409524404E-5 1.7117494800517052E-5
0.3157894736842105 0.5 1.0 0.750365073999995 0.16641519099999635 0.08321973499999778 1.138841645983435E-4 5.9160038932977443E-5 1.7780772430158256E-5

0.3684210526315789 0.5 0.0 0.14900000000016203 0.0 0.8510000000010873 -8.126832540256146E-14 0.0 -7.026601522852616E-13
0.3684210526315789 0.5 0.05263157894736842 0.7823093040000278 0.0 0.21769069600000854 0.0010825137345077396 0.0 0.0010825137346126903
0.3684210526315789 0.5 0.10526315789473684 0.9986228660002099 0.0 0.0013771340000006752 1.3498802486910932E-7 0.0 1.3498814604062536E-7
0.3684210526315789 0.5 0.15789473684210525 0.9996569560008376 0.0 3.430439999997329E-4 3.307648821504472E-8 0.0 3.307861406416182E-8
0.3684210526315789 0.5 0.21052631578947367 0.9994445660006482 0.0 5.554340000013016E-4 8.301294052159847E-8 0.0 8.301527164208216E-8
0.3684210526315789 0.5 0.2631578947368421 0.8898784659999875 0.03788415499999964 0.07223737899999787 7.629272351474814E-4 9.678486943582817E-5 3.2895792891021996E-4
0.3684210526315789 0.5 0.3157894736842105 0.7824406730000079 0.08420277199999868 0.13335655499999935 2.871881626053119E-4 5.44138409156545E-5 1.1337879063068323E-4
0.3684210526315789 0.5 0.3684210526315789 0.7373624640000108 0.11159088899999751 0.15104664699999798 2.082241980667643E-4 4.9255682688657126E-5 7.449802335643754E-5
0.3684210526315789 0.5 0.42105263157894735 0.7133616230000055 0.13089690599999995 0.15574147099999125 1.9835328392725504E-4 5.558623862503623E-5 6.349534305733623E-5
0.3684210526315789 0.5 0.47368421052631576 0.6923629350000097 0.14975435400000214 0.15788271099999887 1.936532789172385E-4 5.9938620841418905E-5 5.620382978789931E-5
0.3684210526315789 0.5 0.5263157894736842 0.6773279690000018 0.16558999499998978 0.15708203600000517 1.334451178727214E-4 4.7821886600168256E-5 3.855583509130775E-5
0.3684210526315789 0.5 0.5789473684210527 0.6686023480000046 0.1777343890000046 0.153663263 1.495669038901748E-4 5.681509969404641E-5 3.898021109186717E-5
0.3684210526315789 0.5 0.631578947368421 0.65936623300001 0.19006764299999632 0.15056612400000352 1.1814257845726983E-4 4.915639112460651E-5 3.103508741521266E-5
0.3684210526315789 0.5 0.6842105263157895 0.6537513760000138 0.1996948449999995 0.14655377899999775 1.2119325765846956E-4 5.5493285727251096E-5 2.7857002518765633E-5
0.3684210526315789 0.5 0.7368421052631579 0.6482689299999878 0.20966234799999714 0.1420687220000019 8.868945702233955E-5 4.553706052405626E-5 2.0227368083609865E-5
0.3684210526315789 0.5 0.7894736842105263 0.6439808120000073 0.2179720830000068 0.1380471049999973 1.0071978797449033E-4 5.100069033157906E-5 2.2406002816648812E-5
0.3684210526315789 0.5 0.8421052631578947 0.6419292189999904 0.22463527099999708 0.1334355099999972 8.04043473191518E-5 4.390860465126878E-5 1.8346433238575904E-5
0.3684210526315789 0.5 0.8947368421052632 0.6379464650000156 0.23228047200000737 0.12977306299999639 8.403412625307416E-5 4.573520965063527E-5 1.9077225297144812E-5
0.3684210526315789 0.5 0.9473684210526315 0.6356742349999872 0.23852009199999247 0.1258056729999961 7.355900547789673E-5 4.181649531527498E-5 1.6940313517271183E-5
0.3684210526315789 0.5 1.0 0.6361730730000141 0.24259039099999657 0.1212365359999989 1.0902698520864895E-4 6.151116437085741E-5 1.9623865320230263E-5

0.42105263157894735 0.5 0.0 0.13640000000013017 0.0 0.8636000000005809 -1.4259426972529354E-15 0.0 -4.1022740759899534E-13
0.42105263157894735 0.5 0.05263157894736842 0.9169152780000354 0.0 0.08308472199999006 1.156293205593073E-4 0.0 1.1562932078537907E-4
0.42105263157894735 0.5 0.10526315789473684 0.9960155930007435 0.0 0.003984407000000877 9.835108143452231E-7 0.0 9.835135583274734E-7
0.42105263157894735 0.5 0.15789473684210525 0.8972841140000184 0.02467761799999998 0.07803826799999915 4.891797172205115E-4 3.419543024602695E-5 2.841917667601064E-4
0.42105263157894735 0.5 0.21052631578947367 0.7527520020000019 0.07328134000000062 0.17396665800001132 5.994188227963493E-4 6.858281780444588E-5 2.975120539077149E-4
0.42105263157894735 0.5 0.2631578947368421 0.6944263560000064 0.10516401799999767 0.20040962599999762 2.9171875700578775E-4 5.292287589525255E-5 1.2754870693972714E-4
0.42105263157894735 0.5 0.3157894736842105 0.6492069299999921 0.13570775700000562 0.21508531299999223 1.9545540054183297E-4 4.736403752539711E-5 7.749170918948389E-5
0.42105263157894735 0.5 0.3684210526315789 0.6221794659999834 0.16036172300000104 0.21745881099999967 1.497834707760437E-4 4.655664396815279E-5 5.4033600960304295E-5
0.42105263157894735 0.5 0.42105263157894735 0.6036822239999955 0.1811959200000049 0.2151218559999943 1.4447675160289553E-4 5.107958695127479E-5 4.567465391046299E-5
0.42105263157894735 0.5 0.47368421052631576 0.5893862679999934 0.1998418210000103 0.2107719110000001 9.265353002646526E-5 3.9845885501932354E-5 3.066524870289078E-5
0.42105263157894735 0.5 0.5263157894736842 0.581643508000011 0.21450067399999365 0.20385581799999947 1.0066225303800858E-4 4.500684894207657E-5 3.20966403511147E-5
0.42105263157894735 0.5 0.5789473684210527 0.5748440759999938 0.22801454199999746 0.19714138200001463 1.105402170992198E-4 5.252592672742862E-5 3.040718292537936E-5
0.42105263157894735 0.5 0.631578947368421 0.5701796689999951 0.23978679799999855 0.1900335330000049 9.09186013534069E-5 4.5573738308102296E-5 2.478947663565184E-5
0.42105263157894735 0.5 0.6842105263157895 0.5676249879999936 0.24971953599999855 0.18265547599998866 8.896622839815738E-5 4.603367955196419E-5 2.5497291615182716E-5
0.42105263157894735 0.5 0.7368421052631579 0.5643734889999918 0.25956729100000303 0.17605922000000399 7.285220326269659E-5 4.0325323619222475E-5 2.1048709591225262E-5
0.42105263157894735 0.5 0.7894736842105263 0.5640326920000044 0.26691006999999706 0.1690572379999936 7.116433461840099E-5 4.167281279200685E-5 2.038199781201691E-5
0.42105263157894735 0.5 0.8421052631578947 0.5632590540000054 0.274051182999999 0.16268976299999469 7.187819580894983E-5 4.3081792992935575E-5 1.9392578101840724E-5
0.42105263157894735 0.5 0.8947368421052632 0.5628614549999913 0.28032777799999703 0.15681076699999852 6.867546998340357E-5 4.4054082975489295E-5 1.662597717216885E-5
0.42105263157894735 0.5 0.9473684210526315 0.5609891270000031 0.2875020569999987 0.15150881599999755 5.539682646116262E-5 3.76412038606555E-5 1.586544147834032E-5
0.42105263157894735 0.5 1.0 0.5599497709999932 0.29332609499999496 0.14672413400000306 5.4173394938850095E-5 3.628128834479161E-5 1.5512417748636542E-5

0.47368421052631576 0.5 0.0 0.1309000000002208 0.0 0.8691000000004705 -2.641636909217482E-14 0.0 -1.9132473383365323E-12
0.47368421052631576 0.5 0.05263157894736842 0.8342127390000345 0.0 0.16578726099995827 6.763343713084291E-4 0.0 6.76334371428243E-4
0.47368421052631576 0.5 0.10526315789473684 0.9063860929999876 0.016235145000000423 0.0773787619999966 0.001986141420491694 6.677103792891487E-5 0.0013511239733475433
0.47368421052631576 0.5 0.15789473684210525 0.7374184660000023 0.06267778599999957 0.19990374800000024 5.378260382022937E-4 4.487287873769421E-5 3.141666661485784E-4
0.47368421052631576 0.5 0.21052631578947367 0.6525561370000108 0.10288257400000288 0.2445612890000099 3.4665622910839966E-4 5.2220805733471654E-5 1.6851349575543184E-4
0.47368421052631576 0.5 0.2631578947368421 0.5959686799999953 0.13919104399999865 0.26484027599998644 1.9470450445768783E-4 4.295163258823814E-5 8.865506624730624E-5
0.47368421052631576 0.5 0.3157894736842105 0.5631818840000128 0.16894868800000445 0.2678694280000092 1.6574212999209692E-4 4.887377387554834E-5 6.744759854192262E-5
0.47368421052631576 0.5 0.3684210526315789 0.541141327999995 0.19483103000000365 0.26402764200000184 1.2181113299408741E-4 4.765137554001847E-5 4.4799245116522446E-5
0.47368421052631576 0.5 0.42105263157894735 0.5305104329999942 0.21486602800000026 0.25462353899999957 1.0692998425582134E-4 4.338314229728607E-5 4.187513642256446E-5
0.47368421052631576 0.5 0.47368421052631576 0.5203052139999956 0.23363468300000698 0.24606010299999861 9.37330646175738E-5 4.1303918984651744E-5 3.370436433671603E-5
0.47368421052631576 0.5 0.5263157894736842 0.5141196290000017 0.24943604499999195 0.23644432599999254 7.920929639793073E-5 4.0855357669455916E-5 2.9223028208971713E-5
0.47368421052631576 0.5 0.5789473684210527 0.5117808849999983 0.26198723700000165 0.22623187799999134 9.411749810889214E-5 5.034249340234165E-5 3.068457039147321E-5
0.47368421052631576 0.5 0.631578947368421 0.5088330240000012 0.2743536249999994 0.21681335099999383 6.967768740923086E-5 3.9316190650631744E-5 2.4433376246357774E-5
0.47368421052631576 0.5 0.6842105263157895 0.5081920559999965 0.28390611099998125 0.20790183299999998 6.862338809737745E-5 4.201924795906031E-5 2.2255465936669994E-5
0.47368421052631576 0.5 0.7368421052631579 0.5056127630000046 0.29450747099999813 0.19987976600000024 5.664892400342181E-5 3.806141267548302E-5 1.9730654387546676E-5
0.47368421052631576 0.5 0.7894736842105263 0.5054972010000078 0.30276926800000253 0.19173353099999865 6.76127812569427E-5 4.299946393558629E-5 2.2054032173091098E-5
0.47368421052631576 0.5 0.8421052631578947 0.5050158199999947 0.3104735780000015 0.18451060200000385 5.8870368733143774E-5 3.902441267573942E-5 1.9164505995032666E-5
0.47368421052631576 0.5 0.8947368421052632 0.5047949790000059 0.317607683 0.17759733799999913 5.445330828651729E-5 3.697558067365658E-5 1.7975182114528254E-5
0.47368421052631576 0.5 0.9473684210526315 0.5061313020000097 0.32311303699999383 0.1707556610000051 5.4080220383168065E-5 3.959514673129716E-5 1.5056317552535753E-5
0.47368421052631576 0.5 1.0 0.5061453120000124 0.32924755100000086 0.16460713700000007 5.87536538159128E-5 4.129648799218455E-5 1.5958245957837375E-5

0.5263157894736842 0.5 0.0 0.11800000000024824 0.0 0.8820000000014088 -4.816980148092398E-14 0.0 -3.980149543281186E-12
0.5263157894736842 0.5 0.05263157894736842 0.9811569070000694 0.0 0.018843092999996282 8.019810712300846E-6 0.0 8.019811093869917E-6
0.5263157894736842 0.5 0.10526315789473684 0.7649790329999862 0.040777711000000945 0.19424325599998185 0.00150202158431878 6.68344947003126E-5 0.0010172294293244871
0.5263157894736842 0.5 0.15789473684210525 0.6447986339999833 0.08536891500000089 0.26983245099998737 5.044140787388018E-4 5.5561153222432984E-5 2.833826878365642E-4
0.5263157894736842 0.5 0.21052631578947367 0.5720257030000163 0.12675992099999717 0.30121437600000467 2.2974774923167907E-4 4.975011537324686E-5 1.12033755124058E-4
0.5263157894736842 0.5 0.2631578947368421 0.5280436970000109 0.16309642499999996 0.3088598780000079 1.7572627485668013E-4 4.450561911668871E-5 8.386590461824384E-5
0.5263157894736842 0.5 0.3157894736842105 0.5052150530000039 0.19127856500000173 0.3035063820000017 1.475823301076984E-4 5.0603208040289616E-5 6.234484966281817E-5
0.5263157894736842 0.5 0.3684210526315789 0.48523274900000307 0.21838940599999834 0.29637784499999387 1.1245936758358388E-4 4.516022516027479E-5 4.5451687649342154E-5
0.5263157894736842 0.5 0.42105263157894735 0.4755764899999976 0.2395502490000012 0.2848732609999945 1.0132905128443226E-4 4.543374753938206E-5 3.812039991916982E-5
0.5263157894736842 0.5 0.47368421052631576 0.46855251199999953 0.2590100230000009 0.27243746500000543 7.962910488998332E-5 4.193253704101729E-5 3.0525495862604446E-5
0.5263157894736842 0.5 0.5263157894736842 0.4637497910000205 0.27500072099999257 0.26124948800000036 7.327268472570592E-5 4.169368817374952E-5 2.6477586335324488E-5
0.5263157894736842 0.5 0.5789473684210527 0.46245207800000127 0.2884977919999946 0.24905013000000076 7.857441567316048E-5 4.557055331780302E-5 2.6223659190180437E-5
0.5263157894736842 0.5 0.631578947368421 0.4606337280000055 0.3009845110000002 0.2383817609999922 6.496510440368031E-5 4.217713538644252E-5 2.45893474427189E-5
0.5263157894736842 0.5 0.6842105263157895 0.45984304100001194 0.3122278390000031 0.227929120000001 5.881815135244661E-5 3.9084426691066154E-5 2.2105513219287942E-5
0.5263157894736842 0.5 0.7368421052631579 0.46053535200000234 0.3211586480000054 0.21830599999999617 5.403861082522998E-5 3.6702169405808394E-5 2.1005887993488792E-5
0.5263157894736842 0.5 0.7894736842105263 0.46138340699999747 0.32964694799999744 0.20896964500000387 6.175439956454531E-5 4.1771284877825665E-5 2.0514155268026857E-5
0.5263157894736842 0.5 0.8421052631578947 0.4609527620000106 0.33799212699999964 0.20105511100000367 5.604238015158303E-5 4.1928144525471556E-5 2.1418431476870337E-5
0.5263157894736842 0.5 0.8947368421052632 0.461523600000003 0.34542181799999455 0.19305458200001158 5.077525142860306E-5 3.8670846196367514E-5 1.8072569002075545E-5
0.5263157894736842 0.5 0.9473684210526315 0.4624206740000221 0.3518843100000058 0.18569501600000013 5.177517615376215E-5 3.806742603082447E-5 1.6894261958749768E-5
0.5263157894736842 0.5 1.0 0.4637186769999979 0.3574066259999957 0.17887469699999714 5.190321685785704E-5 4.0325414704611706E-5 1.622086585811866E-5

0.5789473684210527 0.5 0.0 0.1007999999997852 0.0 0.8992000000015895 5.732567198712957E-14 0.0 -4.36339853138179E-12
0.5789473684210527 0.5 0.05263157894736842 0.7611188950000455 0.0 0.238881104999959 0.0013007539969069892 0.0 0.001300753996907572
0.5789473684210527 0.5 0.10526315789473684 0.6911895270000011 0.053545817000001876 0.2552646559999846 0.0010124282886542768 6.184770190201944E-5 6.826896534068844E-4
0.5789473684210527 0.5 0.15789473684210525 0.5769825860000015 0.1016754389999991 0.3213419750000021 3.993202579459232E-4 5.382306785670955E-5 2.2236655779764303E-4
0.5789473684210527 0.5 0.21052631578947367 0.5151025239999987 0.14360568399999948 0.34129179199999854 1.850585682399153E-4 4.59831708910681E-5 9.240448903767573E-5
0.5789473684210527 0.5 0.2631578947368421 0.4771847020000074 0.1804078129999993 0.34240748499999746 1.4133450015885174E-4 4.158074265663697E-5 6.659034268652331E-5
0.5789473684210527 0.5 0.3157894736842105 0.4550188739999994 0.21116560999999373 0.3338155159999997 1.0864670976201696E-4 4.017252432542834E-5 4.884988085376851E-5
0.5789473684210527 0.5 0.3684210526315789 0.44160210900000135 0.23698610999999783 0.32141178099999823 8.706905542921195E-5 3.9798648068488374E-5 3.909022990516986E-5
0.5789473684210527 0.5 0.42105263157894735 0.432180675000003 0.2598257880000071 0.30799353700000076 8.939821001310855E-5 4.876189877520143E-5 3.694396272883871E-5
0.5789473684210527 0.5 0.47368421052631576 0.4268006980000059 0.278830759999992 0.2943685420000012 6.723721648177472E-5 3.87471860179428E-5 2.8458816185586433E-5
0.5789473684210527 0.5 0.5263157894736842 0.42497418200000026 0.2949014969999927 0.28012432099999873 6.382661799803069E-5 3.8281009650725784E-5 2.8146284179950132E-5
0.5789473684210527 0.5 0.5789473684210527 0.4222597130000126 0.30991194299999686 0.2678283440000052 5.160849302812687E-5 3.597175506821204E-5 2.1232964807410548E-5
0.5789473684210527 0.5 0.631578947368421 0.4219631960000004 0.3228072270000012 0.25522957699999654 5.3193408439733414E-5 3.5125674060429435E-5 2.347234550911792E-5
0.5789473684210527 0.5 0.6842105263157895 0.42190066100000995 0.3340960140000102 0.2440033250000015 5.115971123059726E-5 3.8581067303200545E-5 2.109428504543792E-5
0.5789473684210527 0.5 0.7368421052631579 0.4229647700000076 0.3441745210000039 0.23286070900000275 4.935466801767041E-5 3.528329053058277E-5 1.9995368912457956E-5
0.5789473684210527 0.5 0.7894736842105263 0.4244916510000088 0.35233638399999534 0.22317196500000241 4.800255355910665E-5 3.674507301584806E-5 1.9045309331909566E-5
0.5789473684210527 0.5 0.8421052631578947 0.42424938200000495 0.36117881599998325 0.2145718020000012 4.2116525394236826E-5 3.4346661251044575E-5 1.7380652464690782E-5
0.5789473684210527 0.5 0.8947368421052632 0.4260199220000056 0.3682541139999985 0.20572596399999923 4.637620828204514E-5 3.688661267431392E-5 1.8718144271137604E-5
0.5789473684210527 0.5 0.9473684210526315 0.4274699520000019 0.37474247200000943 0.19778757600000044 4.2824684485937015E-5 3.5223005927953466E-5 1.6802835645667036E-5
0.5789473684210527 0.5 1.0 0.4284831990000218 0.3811963190000086 0.19032048200000026 4.363250957853393E-5 3.624256775533463E-5 1.5168211888294536E-5

0.631578947368421 0.5 0.0 0.09299999999997238 0.0 0.9070000000024822 -5.880712583561376E-15 0.0 -5.357603249933618E-12
0.631578947368421 0.5 0.05263157894736842 0.9235704870000754 0.0 0.0764295129999985 1.570828761769949E-4 0.0 1.5708287628312181E-4
0.631578947368421 0.5 0.10526315789473684 0.6259014589999821 0.06499469199999952 0.30910384899999815 5.939847965720224E-4 4.8960417624671626E-5 3.9037353888278503E-4
0.631578947368421 0.5 0.15789473684210525 0.5330358719999988 0.1118971120000008 0.3550670159999909 2.964485564015962E-4 5.319779225741207E-5 1.6956535326942412E-4
0.631578947368421 0.5 0.21052631578947367 0.47354696499999743 0.156002671 0.37045036399998804 1.7044975778604532E-4 4.3715269563340126E-5 8.565753627898243E-5
0.631578947368421 0.5 0.2631578947368421 0.43868321000000643 0.19337410500000682 0.36794268500000354 1.6626124887059168E-4 5.320064834631044E-5 6.58635682856401E-5
0.631578947368421 0.5 0.3157894736842105 0.41659693400000053 0.22611367299999274 0.35728939299999546 9.896843418275014E-5 4.2062072347463786E-5 4.3842050797715526E-5
0.631578947368421 0.5 0.3684210526315789 0.40500335900000384 0.25247566399999655 0.34252097700000217 8.453874620900637E-5 4.1215859769197505E-5 3.848626148181267E-5
0.631578947368421 0.5 0.42105263157894735 0.3972444409999971 0.2759127699999936 0.32684278900001434 6.895377230492494E-5 4.0977992723817414E-5 3.112008437712588E-5
0.631578947368421 0.5 0.47368421052631576 0.39382495999999184 0.29517893599999495 0.31099610400000016 6.514193239678945E-5 4.356386750113683E-5 2.7795831827145956E-5
0.631578947368421 0.5 0.5263157894736842 0.39125939800000703 0.312302260999998 0.2964383410000031 5.531474526834779E-5 3.743360339500401E-5 2.566449585746089E-5
0.631578947368421 0.5 0.5789473684210527 0.39017206999998966 0.3272778489999888 0.282550080999991 5.298648511217752E-5 3.928725602785066E-5 2.5469349990606127E-5
0.631578947368421 0.5 0.631578947368421 0.39108231799999904 0.3401710870000037 0.26874659500000625 4.557146014158575E-5 3.511290275050316E-5 2.2651244196467135E-5
0.631578947368421 0.5 0.6842105263157895 0.39198505199999667 0.35122783300000127 0.256787115000009 5.1877515955423004E-5 3.842901263551024E-5 2.0930382874040365E-5
0.631578947368421 0.5 0.7368421052631579 0.3921874190000102 0.3622018039999999 0.24561077699999456 4.2012740599700615E-5 3.344223334666996E-5 2.026795956387717E-5
0.631578947368421 0.5 0.7894736842105263 0.394326524000002 0.3706481259999944 0.23502535000000097 4.1921939468281266E-5 3.4883801491858435E-5 1.7977289374901395E-5
0.631578947368421 0.5 0.8421052631578947 0.3946126600000003 0.379926331000011 0.22546100899999735 4.418312352202913E-5 3.4971031184355406E-5 1.9353177198658256E-5
0.631578947368421 0.5 0.8947368421052632 0.39580303600000266 0.38763340300000626 0.21656356100000176 3.885801457029214E-5 3.2716808538779674E-5 1.7578940090620665E-5
0.631578947368421 0.5 0.9473684210526315 0.39769113299998654 0.39412611599999975 0.20818275099999944 4.4388080083918036E-5 3.586837294328182E-5 1.873517796886076E-5
0.631578947368421 0.5 1.0 0.39944674699998767 0.4003982060000054 0.20015504699999712 3.6680505224928606E-5 3.288576917506725E-5 1.615512813050307E-5

0.6842105263157895 0.5 0.0 0.09259999999986095 0.0 0.9074000000022825 7.61196661258623E-15 0.0 -5.766831456810451E-12
0.6842105263157895 0.5 0.05263157894736842 0.7272373600000095 0.025980693000000128 0.2467819469999963 0.004124164216638082 9.420180213972956E-5 0.003351658932389562
0.6842105263157895 0.5 0.10526315789473684 0.5892346799999963 0.07115830399999852 0.3396070160000021 7.159444392884073E-4 6.134822724357045E-5 4.716572077775594E-4
0.6842105263157895 0.5 0.15789473684210525 0.4934130129999872 0.1216480539999989 0.38493893299999904 2.535730597706676E-4 5.0642436012326986E-5 1.3965150172451368E-4
0.6842105263157895 0.5 0.21052631578947367 0.4402523979999907 0.16572756799999577 0.39402003400000846 1.629828454285387E-4 4.90619924039086E-5 7.910859322804442E-5
0.6842105263157895 0.5 0.2631578947368421 0.4073165820000089 0.2042794189999971 0.38840399900000294 1.340733146190931E-4 4.825787772284873E-5 6.218814170244613E-5
0.6842105263157895 0.5 0.3157894736842105 0.3874029289999874 0.23705963799999735 0.3755374329999998 8.265359593270794E-5 3.827349911004335E-5 3.6762299473191984E-5
0.6842105263157895 0.5 0.3684210526315789 0.37613200300001115 0.26489063299999194 0.3589773640000004 7.661611090675757E-5 4.437629435720403E-5 3.6338539412344995E-5
0.6842105263157895 0.5 0.42105263157894735 0.3678546919999959 0.28954539600001583 0.34259991199999174 6.252378578397444E-5 4.076861798386899E-5 3.097172541506599E-5
0.6842105263157895 0.5 0.47368421052631576 0.36508720499998987 0.3088942790000075 0.3260185160000012 6.222045039358526E-5 3.986884096654486E-5 2.8063934541730506E-5
0.6842105263157895 0.5 0.5263157894736842 0.3637571469999996 0.32626902999999774 0.309973823000004 4.9642461321164344E-5 3.697537144642382E-5 2.5042358264490416E-5
0.6842105263157895 0.5 0.5789473684210527 0.3638715729999936 0.34124163699999954 0.2948867900000077 4.858281420894173E-5 3.827388167564061E-5 2.44609958825609E-5
0.6842105263157895 0.5 0.631578947368421 0.36411771799999176 0.35465036499999825 0.2812319169999964 4.246195567927935E-5 3.510967227648987E-5 2.0748670197953678E-5
0.6842105263157895 0.5 0.6842105263157895 0.3648010409999985 0.36710727499999957 0.2680916840000042 4.253349321794997E-5 3.472110577326659E-5 2.0817860835631308E-5
0.6842105263157895 0.5 0.7368421052631579 0.36630060399999903 0.3775008520000022 0.25619854399999636 4.010400183701579E-5 3.587954507933144E-5 2.045956348477318E-5
0.6842105263157895 0.5 0.7894736842105263 0.36790728199999656 0.3868833029999941 0.24520941499998986 3.779221357300133E-5 3.388314190899688E-5 1.930157826677409E-5
0.6842105263157895 0.5 0.8421052631578947 0.36843923499999776 0.39632281800000707 0.2352379470000064 4.019256851811592E-5 3.507634732641263E-5 1.9698098919780638E-5
0.6842105263157895 0.5 0.8947368421052632 0.37093462600000393 0.40365193199999555 0.2254134419999979 3.9340885439775874E-5 3.603261147200332E-5 1.9100465507168596E-5
0.6842105263157895 0.5 0.9473684210526315 0.3718667250000069 0.41109752299999597 0.21703575199999822 3.4329443870995124E-5 3.191100235414024E-5 1.7486761388046945E-5
0.6842105263157895 0.5 1.0 0.3737431800000049 0.41738165500000596 0.20887516500000708 3.5124361289773365E-5 3.0099166535874078E-5 1.7495736916041393E-5

0.7368421052631579 0.5 0.0 0.08400000000009772 0.0 0.9159999999981396 -2.1170565300820954E-14 0.0 4.3436365615434624E-12
0.7368421052631579 0.5 0.05263157894736842 0.6803606139999978 0.030415177999999935 0.2892242080000059 0.0020983035709460363 6.677210762829212E-5 0.0016908891781648727
0.7368421052631579 0.5 0.10526315789473684 0.5510812459999901 0.07797845999999882 0.3709402940000046 7.294947738819557E-4 6.638246862834124E-5 4.6530995699273214E-4
0.7368421052631579 0.5 0.15789473684210525 0.4600475010000071 0.12983007800000407 0.4101224209999984 2.873646239346661E-4 5.1202594711148575E-5 1.6094899938873253E-4
0.7368421052631579 0.5 0.21052631578947367 0.40693276299999837 0.1759571390000028 0.41711009800001175 1.5526916207844743E-4 4.698190523366036E-5 8.232106180239285E-5
0.7368421052631579 0.5 0.2631578947368421 0.37769679900000125 0.21470315600000567 0.4076000449999889 9.496309945325465E-5 4.076076443113724E-5 4.9138443899060524E-5
0.7368421052631579 0.5 0.3157894736842105 0.3599103599999905 0.24755601700000143 0.39253362299999395 7.545277408291251E-5 3.9641182802488406E-5 3.381149018802376E-5
0.7368421052631579 0.5 0.3684210526315789 0.350303306999991 0.2755229450000047 0.3741737480000073 6.721683217952856E-5 4.26154866140227E-5 3.4597042634532116E-5
0.7368421052631579 0.5 0.42105263157894735 0.34412140900000526 0.2998531659999974 0.35602542499999346 5.674704376307238E-5 4.109223177108101E-5 2.8965955681525823E-5
0.7368421052631579 0.5 0.47368421052631576 0.34184183100001025 0.32009520000000624 0.338062969000006 5.3978645672844716E-5 3.740713295194431E-5 2.7525510814682685E-5
0.7368421052631579 0.5 0.5263157894736842 0.33934709000000374 0.33891237800000246 0.32174053199999525 4.734575073972458E-5 3.938396979465131E-5 2.6447295748799338E-5
0.7368421052631579 0.5 0.5789473684210527 0.3400932900000009 0.3542227729999905 0.3056839370000015 4.3930495384494894E-5 3.9822963307262205E-5 2.463285587638031E-5
0.7368421052631579 0.5 0.631578947368421 0.34067641200000914 0.3679877729999912 0.2913358150000016 3.7072911813151865E-5 3.309809420998233E-5 2.0536993976250084E-5
0.7368421052631579 0.5 0.6842105263157895 0.3425382060000026 0.3800218880000062 0.27743990600000085 4.0797131915362717E-5 3.6962131521767194E-5 2.1173068299532027E-5
0.7368421052631579 0.5 0.7368421052631579 0.3440931020000049 0.39075326799999416 0.26515363000000636 3.511619562877877E-5 3.31966031195674E-5 1.992657301377876E-5
0.7368421052631579 0.5 0.7894736842105263 0.3447306179999969 0.401330100000006 0.2539392819999982 3.602493455359679E-5 3.514806618437616E-5 1.9589032933087225E-5
0.7368421052631579 0.5 0.8421052631578947 0.34696936700000325 0.4093956159999993 0.24363501699999368 3.761597053041077E-5 3.4395047373403376E-5 1.9162339714773324E-5
0.7368421052631579 0.5 0.8947368421052632 0.348561266000002 0.4179939150000028 0.23344481900000358 3.6134480486629816E-5 3.367648625365871E-5 1.9473945751719013E-5
0.7368421052631579 0.5 0.9473684210526315 0.3503275890000053 0.42519633400001144 0.22447607699999383 3.1835495755611065E-5 3.0001300927035013E-5 1.7814165986472508E-5
0.7368421052631579 0.5 1.0 0.3519532370000039 0.4320157690000019 0.21603099400000228 3.880349113007109E-5 3.762027100440157E-5 1.788377636276206E-5

0.7894736842105263 0.5 0.0 0.07790000000008059 0.0 0.9221000000003344 -8.87744738831131E-15 0.0 7.405187574249794E-13
0.7894736842105263 0.5 0.05263157894736842 0.8764220180001026 0.0 0.12357798200000832 3.3545220161557143E-4 0.0 3.354522018030118E-4
0.7894736842105263 0.5 0.10526315789473684 0.5217167479999923 0.08297656399999649 0.3953066880000033 4.65042299696905E-4 5.493843055454344E-5 2.954764926672293E-4
0.7894736842105263 0.5 0.15789473684210525 0.4339026430000002 0.13574892600000069 0.43034843099999226 2.498894600871382E-4 5.3308991843616094E-5 1.3887739911716546E-4
0.7894736842105263 0.5 0.21052631578947367 0.38290204799999955 0.18295482399999904 0.43414312800000143 1.4782470560933958E-4 4.638949912857959E-5 7.353550614064286E-5
0.7894736842105263 0.5 0.2631578947368421 0.3551130329999989 0.22224860299999585 0.4226383640000143 8.916823284887965E-5 4.064629404391257E-5 4.175418377058704E-5
0.7894736842105263 0.5 0.3157894736842105 0.33663829300001175 0.2570695379999955 0.40629216899999626 8.636271933713802E-5 4.4522764670221204E-5 3.9286629973767084E-5
0.7894736842105263 0.5 0.3684210526315789 0.327883781000003 0.28531407999999225 0.3868021390000082 5.8106583633726894E-5 4.0148454947777634E-5 3.237822731419482E-5
0.7894736842105263 0.5 0.42105263157894735 0.32279459199999 0.30951810700000576 0.3676873009999944 5.1993707353592544E-5 3.6833789638063275E-5 2.7135311840648102E-5
0.7894736842105263 0.5 0.47368421052631576 0.3206642700000016 0.33044632900000703 0.3488894009999936 4.326874836237116E-5 3.486502851032802E-5 2.6751341779387983E-5
0.7894736842105263 0.5 0.5263157894736842 0.31966457499999834 0.34874622900000246 0.33158919599999465 4.459990996792673E-5 3.445764339048141E-5 2.5600995265717685E-5
0.7894736842105263 0.5 0.5789473684210527 0.3204423099999973 0.3644438319999993 0.3151138579999964 3.828112126362526E-5 3.471100155874596E-5 2.139067176624987E-5
0.7894736842105263 0.5 0.631578947368421 0.32104959899999996 0.3790461220000107 0.2999042790000039 3.776846523566302E-5 3.4503800165980314E-5 2.1383677176273208E-5
0.7894736842105263 0.5 0.6842105263157895 0.3222681769999929 0.3917195139999972 0.28601230899999597 3.6437170993178225E-5 3.6204419996715975E-5 2.1859639981136603E-5
0.7894736842105263 0.5 0.7368421052631579 0.3237286459999993 0.40324385299998977 0.2730275010000029 3.1507850395143255E-5 3.293657662167826E-5 2.0836436784285595E-5
0.7894736842105263 0.5 0.7894736842105263 0.3257921419999918 0.4128029610000015 0.2614048969999929 3.3194436042327524E-5 3.203781630919944E-5 2.0069935119451654E-5
0.7894736842105263 0.5 0.8421052631578947 0.3279689470000025 0.4216965500000135 0.250334502999995 3.088421099206595E-5 3.0345329068093285E-5 1.879083085513933E-5
0.7894736842105263 0.5 0.8947368421052632 0.3289620089999917 0.43052444200000556 0.24051354899999133 3.153474057374095E-5 3.236320914912216E-5 1.8538264728758247E-5
0.7894736842105263 0.5 0.9473684210526315 0.3312235000000029 0.43768692999999026 0.23108957000000474 2.8731668334475158E-5 3.0263169750383012E-5 1.845996060783478E-5
0.7894736842105263 0.5 1.0 0.3325339950000042 0.4448144139999897 0.2226515909999943 3.063984262875741E-5 3.101836302329963E-5 1.828394786593246E-5

0.8421052631578947 0.5 0.0 0.07169999999987221 0.0 0.9283000000019124 9.144594803611739E-15 0.0 -2.401523424566676E-12
0.8421052631578947 0.5 0.05263157894736842 0.6281877619999704 0.03530556799999963 0.33650666999999923 0.002544159497037457 9.890717859744181E-5 0.0020233674603072765
0.8421052631578947 0.5 0.10526315789473684 0.49590731600000154 0.08754969900000292 0.41654298500000797 6.001222500678915E-4 6.82150795085993E-5 3.93926814768214E-4
0.8421052631578947 0.5 0.15789473684210525 0.4118230940000063 0.14117709400000109 0.4469998119999851 2.3743809765072732E-4 5.0683256113959185E-5 1.355375441570994E-4
0.8421052631578947 0.5 0.21052631578947367 0.36281463099999556 0.18849669700000068 0.44868867199997664 1.1099275743772785E-4 4.2609090788951753E-5 5.732715748646422E-5
0.8421052631578947 0.5 0.2631578947368421 0.33417706700001126 0.2293475179999974 0.4364754149999883 8.715534536811453E-5 4.133813883596543E-5 4.323760865440618E-5
0.8421052631578947 0.5 0.3157894736842105 0.3184334499999932 0.2639496470000042 0.417616903000006 7.291618109933617E-5 4.076960446734723E-5 3.4359067363154416E-5
0.8421052631578947 0.5 0.3684210526315789 0.3093124020000072 0.2929456410000048 0.39774195699999054 5.5721472986977605E-5 3.8515978987033184E-5 2.9614484312212586E-5
0.8421052631578947 0.5 0.42105263157894735 0.3049091399999994 0.3176583080000055 0.377432551999998 5.0010646255788105E-5 4.024543137431946E-5 2.822221237749889E-5
0.8421052631578947 0.5 0.47368421052631576 0.3027221660000056 0.3390965989999999 0.3581812349999895 4.166599465992016E-5 3.887806334404442E-5 2.628198378609725E-5
0.8421052631578947 0.5 0.5263157894736842 0.3023159920000045 0.35746898200000066 0.34021502600000697 4.0016554045382846E-5 3.6092359486539216E-5 2.3663440231691535E-5
0.8421052631578947 0.5 0.5789473684210527 0.3023003510000073 0.3743810780000022 0.32331857099999617 3.6586102967195444E-5 3.4325832560494485E-5 2.3931861408130195E-5
0.8421052631578947 0.5 0.631578947368421 0.3029862859999988 0.3891537590000053 0.30785995500000574 3.5855301118686844E-5 3.584767546349621E-5 2.2039936496104362E-5
0.8421052631578947 0.5 0.6842105263157895 0.3045324590000085 0.4021847410000022 0.2932827999999994 3.3582947103052985E-5 3.500048206331319E-5 2.09196823524882E-5
0.8421052631578947 0.5 0.7368421052631579 0.3065041949999966 0.4131372939999964 0.2803585109999973 3.323306749859756E-5 3.523965134394347E-5 2.187321635375994E-5
0.8421052631578947 0.5 0.7894736842105263 0.30842992000001046 0.4233426330000101 0.2682274469999998 3.109353398961234E-5 2.9593168498848188E-5 1.9531095354630157E-5
0.8421052631578947 0.5 0.8421052631578947 0.30952500400000343 0.4333865909999949 0.2570884050000015 3.2662994200655104E-5 3.4828215269844254E-5 1.9597114257696724E-5
0.8421052631578947 0.5 0.8947368421052632 0.3117803719999973 0.441584172999992 0.24663545500000125 3.053900474804527E-5 3.167420138727728E-5 1.959872444914912E-5
0.8421052631578947 0.5 0.9473684210526315 0.31383143100000416 0.44896264400000396 0.2372059249999923 2.9070999594441038E-5 2.935993750707855E-5 1.7818312998442443E-5
0.8421052631578947 0.5 1.0 0.31604362100000233 0.4560301180000013 0.2279262609999973 3.1879042911409083E-5 3.340805269458347E-5 1.74150254558178E-5

0.8947368421052632 0.5 0.0 0.0673000000000165 0.0 0.9327000000003299 -2.8579569266717897E-15 0.0 6.502576255229542E-13
0.8947368421052632 0.5 0.05263157894736842 0.8725186369998358 0.0 0.12748136300000126 4.184303146045343E-4 0.0 4.184303143543351E-4
0.8947368421052632 0.5 0.10526315789473684 0.47369296899999447 0.09177562400000128 0.4345314070000061 5.77191303052782E-4 6.923336460987889E-5 3.7157805448131964E-4
0.8947368421052632 0.5 0.15789473684210525 0.39083999600000086 0.14640550500000438 0.46275449900000526 2.8772521751538327E-4 6.703844759281194E-5 1.5172939894825266E-4
0.8947368421052632 0.5 0.21052631578947367 0.3431467910000044 0.19465731500000266 0.46219589400000166 1.0511709090642307E-4 4.230980909095822E-5 5.710344413437096E-5
0.8947368421052632 0.5 0.2631578947368421 0.3160160979999986 0.23593687599999877 0.44804702600001367 8.286157005600592E-5 4.3373807559192457E-5 3.996348193094357E-5
0.8947368421052632 0.5 0.3157894736842105 0.3012332769999989 0.2700609440000109 0.42870577900000406 6.851746793551383E-5 4.166726241475183E-5 3.349266786717431E-5
0.8947368421052632 0.5 0.3684210526315789 0.29337643300000016 0.29966691600000733 0.4069566509999855 5.648498248754519E-5 4.0475820236585136E-5 2.979062317284842E-5
0.8947368421052632 0.5 0.42105263157894735 0.287749546999992 0.32573468799999766 0.38651576500000345 4.526796159057267E-5 3.5847312731929204E-5 2.6759611166438102E-5
0.8947368421052632 0.5 0.47368421052631576 0.2859509880000069 0.34748401600001116 0.36656499599998876 3.9559531812269344E-5 3.460042471836733E-5 2.5577295129586286E-5
0.8947368421052632 0.5 0.5263157894736842 0.28631987800000097 0.36602308600000155 0.3476570359999971 3.82716688546586E-5 3.345407863908356E-5 2.5627211308359987E-5
0.8947368421052632 0.5 0.5789473684210527 0.2858534759999989 0.3836136110000108 0.3305329130000012 3.4899957908840484E-5 3.241255684216515E-5 2.24822942205688E-5
0.8947368421052632 0.5 0.631578947368421 0.287446140999998 0.3977760589999995 0.3147777999999973 2.9364922099317514E-5 3.3106376919972424E-5 2.1736891967841232E-5
0.8947368421052632 0.5 0.6842105263157895 0.2891529440000044 0.41048744599999354 0.3003596099999967 3.387157712046729E-5 3.727180879026237E-5 2.2180214839739865E-5
0.8947368421052632 0.5 0.7368421052631579 0.29065511299999275 0.4225283270000174 0.2868165599999966 3.312324425283619E-5 3.3453761241974966E-5 1.96697353588432E-5
0.8947368421052632 0.5 0.7894736842105263 0.293028472999991 0.43284798899998894 0.2741235380000014 3.3439656583381105E-5 3.5261959131505094E-5 2.1107207150830587E-5
0.8947368421052632 0.5 0.8421052631578947 0.2948352279999996 0.4426105559999885 0.262554216000004 2.910756218235666E-5 3.1066537152124596E-5 1.9310441219555496E-5
0.8947368421052632 0.5 0.8947368421052632 0.2966528120000044 0.451165160000004 0.2521820280000008 2.8924939880686784E-5 3.1656180354833197E-5 1.7877807414967695E-5
0.8947368421052632 0.5 0.9473684210526315 0.2984637420000073 0.4593380339999963 0.24219822399999602 2.9534347346107936E-5 3.133895140086662E-5 1.853532024929938E-5
0.8947368421052632 0.5 1.0 0.300175334999999 0.46685608599999606 0.23296857899999424 3.070995552784117E-5 3.243267196129107E-5 1.869626881895875E-5

0.9473684210526315 0.5 0.0 0.0646999999999773 0.0 0.9353000000017073 -4.614364446098307E-15 0.0 -3.7870817592988715E-12
0.9473684210526315 0.5 0.05263157894736842 0.5733065750000161 0.04080818099999951 0.3858852439999942 0.0023281976834376716 1.1193040277120538E-4 0.001843131930052977
0.9473684210526315 0.5 0.10526315789473684 0.4513313540000078 0.0956354319999987 0.45303321399999924 3.845252075018457E-4 5.545254817333756E-5 2.4432817120917383E-4
0.9473684210526315 0.5 0.15789473684210525 0.3744903790000062 0.15006352999999917 0.47544609099997587 1.7549142833336862E-4 5.213371073800946E-5 1.0613427253788887E-4
0.9473684210526315 0.5 0.21052631578947367 0.3265916009999959 0.19955795200000892 0.47385044700001255 1.2234432095491188E-4 4.4316646363617984E-5 6.23049749944593E-5
0.9473684210526315 0.5 0.2631578947368421 0.30110309000000185 0.2410455239999901 0.45785138600001085 8.617529764344545E-5 4.831649777067848E-5 4.0211001057416373E-5
0.9473684210526315 0.5 0.3157894736842105 0.28555989899999895 0.27686709199999693 0.43757300899999313 6.710856160020706E-5 4.2765813455664103E-5 3.7297912158507085E-5
0.9473684210526315 0.5 0.3684210526315789 0.2786329259999945 0.3058404149999993 0.41552665900000624 4.8730143474742804E-5 4.0626362524040505E-5 2.907050537123701E-5
0.9473684210526315 0.5 0.42105263157894735 0.27370052000000283 0.33235416899999876 0.39394531099999297 4.4297906320753255E-5 3.853582141377654E-5 2.6109667002449655E-5
0.9473684210526315 0.5 0.47368421052631576 0.2714106230000109 0.3545308769999958 0.3740585000000033 3.822168863676367E-5 3.607618472284413E-5 2.46348509539418E-5
0.9473684210526315 0.5 0.5263157894736842 0.2720438790000067 0.37313517499999294 0.3548209459999919 3.506757612137257E-5 3.254528222659814E-5 2.4785345076272502E-5
0.9473684210526315 0.5 0.5789473684210527 0.27216270700000905 0.39075403500000716 0.33708325799999317 3.180732591837043E-5 3.304250410643417E-5 2.372769752312376E-5
0.9473684210526315 0.5 0.631578947368421 0.2734891920000046 0.4057541619999917 0.32075664600000187 3.095777637376895E-5 3.5270128679931734E-5 2.3658125622438853E-5
0.9473684210526315 0.5 0.6842105263157895 0.27578058200000916 0.41831529799999556 0.30590412000000483 3.174614312606572E-5 3.43861827538372E-5 2.1556135017558598E-5
0.9473684210526315 0.5 0.7368421052631579 0.2766463850000027 0.4311387060000039 0.2922149090000124 2.95723789205532E-5 3.22582850057207E-5 2.0551277007188617E-5
0.9473684210526315 0.5 0.7894736842105263 0.2794637459999957 0.44097896799998765 0.2795572859999928 2.7987232839365994E-5 3.2176835229158485E-5 2.043183170725993E-5
0.9473684210526315 0.5 0.8421052631578947 0.2810773569999976 0.4509623020000089 0.2679603410000029 2.6037846786758356E-5 2.960590743480984E-5 1.8889898854013154E-5
0.9473684210526315 0.5 0.8947368421052632 0.28299431499999383 0.4600013270000066 0.25700435799999743 2.737044777594011E-5 3.16521657186819E-5 1.838793621004864E-5
0.9473684210526315 0.5 0.9473684210526315 0.2844651899999934 0.46824086000000265 0.24729394999999235 2.602232085842371E-5 3.0393992261207314E-5 1.9173321608403904E-5
0.9473684210526315 0.5 1.0 0.2863414999999894 0.47585356699998965 0.23780493299999664 2.841354074661906E-5 3.0785858299769986E-5 1.864967556806235E-5

1.0 0.5 0.0 0.05800000000000248 0.0 0.9420000000014139 1.751637029867581E-15 0.0 -1.5092371796754378E-12
1.0 0.5 0.05263157894736842 0.8551998180001363 0.0 0.14480018199999908 4.8041377788010653E-4 0.0 4.8041377816912187E-4
1.0 0.5 0.10526315789473684 0.4376279900000055 0.09774097099999728 0.46463103900000513 4.639993565366818E-4 6.810068247691849E-5 2.977281376590202E-4
1.0 0.5 0.15789473684210525 0.35819646700000235 0.15413518199999618 0.48766835099999695 2.092519980216867E-4 5.825115822714194E-5 1.1392400942203396E-4
1.0 0.5 0.21052631578947367 0.3128825129999994 0.20362243699999621 0.4834950499999822 1.0224385150352233E-4 4.65152330817592E-5 5.197962028885561E-5
1.0 0.5 0.2631578947368421 0.28682708300000537 0.2457164849999948 0.4674564320000156 7.137030599799199E-5 4.0334307152022075E-5 4.020994281145329E-5
1.0 0.5 0.3157894736842105 0.27266283600000396 0.28141104400000283 0.44592612000000204 5.875233842519978E-5 4.1133295019452065E-5 3.3887007722083196E-5
1.0 0.5 0.3684210526315789 0.2647748180000001 0.3118558520000017 0.42336933000001525 4.1716025261123724E-5 3.618930735421744E-5 2.6301815916646154E-5
1.0 0.5 0.42105263157894735 0.26069467600000207 0.33777753799999677 0.4015277860000005 3.9299402652792637E-5 3.711018546986855E-5 2.5423646339062245E-5
1.0 0.5 0.47368421052631576 0.2591742329999954 0.3601633099999885 0.38066245699999807 3.836041916469024E-5 3.488264725509671E-5 2.6062617836025703E-5
1.0 0.5 0.5263157894736842 0.2588748059999998 0.38004192000001047 0.36108327399999807 3.281722866158021E-5 3.6233391317308516E-5 2.317882564201179E-5
1.0 0.5 0.5789473684210527 0.2595064059999996 0.397473154999996 0.34302043900001183 3.2206884561888915E-5 3.4626590241698674E-5 2.4194586355760772E-5
1.0 0.5 0.631578947368421 0.26112368900001215 0.4125467949999954 0.3263295159999924 3.0039280721955164E-5 3.756164631910086E-5 2.478481139353561E-5
1.0 0.5 0.6842105263157895 0.26251670000000105 0.4261132640000147 0.3113700360000107 2.6432138504797753E-5 3.186690502543499E-5 2.1286782761059664E-5
1.0 0.5 0.7368421052631579 0.264125601000005 0.4388015229999884 0.29707287600000026 2.8172587682132044E-5 2.9970976157228657E-5 2.10477320786856E-5
1.0 0.5 0.7894736842105263 0.2660420940000033 0.4493892509999934 0.2845686549999963 2.896528808765675E-5 3.2384121946671396E-5 2.182341998438475E-5
1.0 0.5 0.8421052631578947 0.2681858419999979 0.45913485600000625 0.2726793019999989 2.790864314439201E-5 3.0317374838939593E-5 2.0274715184287473E-5
1.0 0.5 0.8947368421052632 0.2706635380000046 0.46777058299999813 0.26156587899999484 2.599523191362807E-5 3.416453194490798E-5 2.0123878057706768E-5
1.0 0.5 0.9473684210526315 0.2723400290000072 0.47605150599999463 0.25160846500000056 2.6378683766745126E-5 3.3023791551262116E-5 2.017876225163251E-5
1.0 0.5 1.0 0.27404533700000216 0.4840871019999951 0.24186756099999732 2.3968153447170848E-5 2.8562671009230156E-5 1.8623802013034707E-5

