0.0 0.5 0.0 0.3358999999999291 0.0 0.6640999999999502 4.173050793809807E-14 0.0 3.9246383920499284E-14
0.0 0.5 0.05263157894736842 0.7987992900000073 0.0 0.20120071000000478 6.962766499918338E-6 0.0 6.962766495595407E-6
0.0 0.5 0.10526315789473684 0.8837800800000047 0.0 0.11621991999999855 1.4275201167590623E-5 0.0 1.4275201194405979E-5
0.0 0.5 0.15789473684210525 0.9574976400000118 0.0 0.04250235999999981 2.5533184073722737E-6 0.0 2.5533184304462643E-6
0.0 0.5 0.21052631578947367 0.960019980000038 0.0 0.03998002000000125 3.926018742661519E-6 0.0 3.926018799545053E-6
0.0 0.5 0.2631578947368421 0.9769380500000349 0.0 0.02306195000000007 3.125499100642415E-6 0.0 3.125499197492135E-6
0.0 0.5 0.3157894736842105 0.9929221200000587 0.0 0.007077880000000055 4.4024461320901764E-7 0.0 4.402447055955246E-7
0.0 0.5 0.3684210526315789 0.9987470400001552 0.0 0.0012529600000001206 1.6400977576047637E-8 0.0 1.640123839938197E-8
0.0 0.5 0.42105263157894735 0.9982532400000461 0.0 0.0017467600000000212 1.2493439394134498E-8 0.0 1.2493502399965807E-8
0.0 0.5 0.47368421052631576 0.9997962099999954 0.0 2.0378999999997208E-4 3.6475888975928683E-10 0.0 3.646359000092165E-10
0.0 0.5 0.5263157894736842 0.9998735300002286 0.0 1.26469999999971E-4 5.445722539576536E-9 0.0 5.4463391000133955E-9
0.0 0.5 0.5789473684210527 0.9995176799999407 0.0 4.8231999999987646E-4 1.3665636067194953E-8 0.0 1.3665417600089611E-8
0.0 0.5 0.631578947368421 0.9995192199999187 0.0 4.807799999998829E-4 4.926868690802166E-9 0.0 4.9265916001123085E-9
0.0 0.5 0.6842105263157895 0.9997999999999952 0.0 1.9999999999997402E-4 1.234568003383174E-13 0.0 9.224718191191365E-21
0.0 0.5 0.7368421052631579 0.9999623099999139 0.0 3.769000000000345E-5 2.348548244768267E-9 0.0 2.3484638999996447E-9
0.0 0.5 0.7894736842105263 0.9997116399999794 0.0 2.8835999999999397E-4 8.254702810184256E-9 0.0 8.254510400012288E-9
0.0 0.5 0.8421052631578947 0.9996885300000965 0.0 3.114699999999969E-4 2.11653330417505E-8 0.0 2.1165439100019433E-8
0.0 0.5 0.8947368421052632 0.9999000000002242 0.0 9.999999999998701E-5 -6.084022174945858E-13 0.0 2.306179547797841E-21
0.0 0.5 0.9473684210526315 0.9999943999999061 0.0 5.5999999999999565E-6 5.287331683589969E-10 0.0 5.286399999999989E-10
0.0 0.5 1.0 0.9997393500002402 0.0 2.606499999999794E-4 3.616999988409475E-8 0.0 3.617057750002986E-8

0.05263157894736842 0.5 0.0 0.3023000000000134 0.0 0.6976999999999901 5.773159728050814E-15 0.0 -6.106226635438361E-14
0.05263157894736842 0.5 0.05263157894736842 0.7750739500000207 0.0 0.22492604999999766 1.3846894355684647E-5 0.0 1.3846894398907017E-5
0.05263157894736842 0.5 0.10526315789473684 0.8883990500000115 0.0 0.11160094999999705 1.0686612144761298E-5 0.0 1.0686612098151013E-5
0.05263157894736842 0.5 0.15789473684210525 0.9669734700000011 0.0 0.03302652999999851 2.6856851117473823E-6 0.0 2.6856851591526044E-6
0.05263157894736842 0.5 0.21052631578947367 0.9686548099999793 0.0 0.03134518999999896 4.835902951527693E-6 0.0 4.835902864051443E-6
0.05263157894736842 0.5 0.2631578947368421 0.9911956899999833 0.0 0.008804310000001026 2.2177046232751962E-7 0.0 2.217704238705704E-7
0.05263157894736842 0.5 0.3157894736842105 0.9963079800000707 0.0 0.003692020000000279 9.904223696732828E-8 0.0 9.904231959619696E-8
0.05263157894736842 0.5 0.3684210526315789 0.9995302500000295 0.0 4.697499999998887E-4 4.207918347098882E-9 0.0 4.207937500080381E-9
0.05263157894736842 0.5 0.42105263157894735 0.9997649900000302 0.0 2.3500999999994678E-4 6.845312205960852E-9 0.0 6.845299900014195E-9
0.05263157894736842 0.5 0.47368421052631576 0.9999000000002242 0.0 9.999999999998701E-5 -6.084022174945858E-13 0.0 2.306179547797841E-21
0.05263157894736842 0.5 0.5263157894736842 0.9997999999999952 0.0 1.9999999999997402E-4 1.234568003383174E-13 0.0 9.224718191191365E-21
0.05263157894736842 0.5 0.5789473684210527 0.9999993299999063 0.0 6.700000000000005E-7 6.664480078910628E-11 0.0 6.655110000000006E-11
0.05263157894736842 0.5 0.631578947368421 0.9999379199999544 0.0 6.208000000000664E-5 3.6240557221844938E-9 0.0 3.624073600000169E-9
0.05263157894736842 0.5 0.6842105263157895 0.9997890499999974 0.0 2.109499999999687E-4 9.752161300724538E-10 0.0 9.75097500009248E-10
0.05263157894736842 0.5 0.7368421052631579 0.9998102400000467 0.0 1.8975999999997932E-4 9.191064576086205E-10 0.0 9.191424000099747E-10
0.05263157894736842 0.5 0.7894736842105263 0.9997113700000881 0.0 2.886299999999797E-4 1.56056645383984E-8 0.0 1.5605723100030914E-8
0.05263157894736842 0.5 0.8421052631578947 0.9998303900002531 0.0 1.6960999999997815E-4 6.688761766682205E-9 0.0 6.6894479000166065E-9
0.05263157894736842 0.5 0.8947368421052632 0.9996858700000938 0.0 3.141299999999925E-4 1.4691231453589637E-8 0.0 1.4691343100017911E-8
0.05263157894736842 0.5 0.9473684210526315 0.9999024800001531 0.0 9.751999999998771E-5 2.1113966131025563E-9 0.0 2.1118496000013543E-9
0.05263157894736842 0.5 1.0 0.9996593599999447 0.0 3.4063999999997936E-4 6.360699300600459E-9 0.0 6.36039040002658E-9

0.10526315789473684 0.5 0.0 0.2717000000000004 0.0 0.7283000000001464 8.93729534823251E-15 0.0 -2.852162950262027E-13
0.10526315789473684 0.5 0.05263157894736842 0.6939248800000039 0.0 0.3060751199999985 1.9778225005206984E-5 0.0 1.977822499049653E-5
0.10526315789473684 0.5 0.10526315789473684 0.938070769999978 0.0 0.061929229999999766 3.959298673694711E-6 0.0 3.959298607133371E-6
0.10526315789473684 0.5 0.15789473684210525 0.9928339899998105 0.0 0.007166010000001394 1.7306996169530464E-7 0.0 1.7306967987816639E-7
0.10526315789473684 0.5 0.21052631578947367 0.9973535400000887 0.0 0.0026464599999999855 8.493129655118281E-8 0.0 8.493146839876451E-8
0.10526315789473684 0.5 0.2631578947368421 0.9997999999999952 0.0 1.9999999999997402E-4 1.234568003383174E-13 0.0 9.224718191191365E-21
0.10526315789473684 0.5 0.3157894736842105 0.9993829000001461 0.0 6.171000000000221E-4 1.4174155182899995E-9 0.0 1.4175899998878888E-9
0.10526315789473684 0.5 0.3684210526315789 0.998873939999944 0.0 0.0011260599999999314 5.4834822460492205E-8 0.0 5.483487639999498E-8
0.10526315789473684 0.5 0.42105263157894735 0.9997999999999952 0.0 1.9999999999997402E-4 1.234568003383174E-13 0.0 9.224718191191365E-21
0.10526315789473684 0.5 0.47368421052631576 0.9999000000002242 0.0 9.999999999998701E-5 -6.084022174945858E-13 0.0 2.306179547797841E-21
0.10526315789473684 0.5 0.5263157894736842 0.9998986100002242 0.0 1.0138999999998629E-4 1.3645939933581985E-10 0.0 1.3706790000227141E-10
0.10526315789473684 0.5 0.5789473684210527 0.9998176400002099 0.0 1.823599999999751E-4 6.122279239129114E-9 0.0 6.122830400014089E-9
0.10526315789473684 0.5 0.631578947368421 0.9996000000000863 0.0 3.9999999999994803E-4 -8.448797217397441E-14 0.0 3.689887276476546E-20
0.10526315789473684 0.5 0.6842105263157895 0.9994628799998899 0.0 5.371199999998707E-4 4.680471343831982E-9 0.0 4.6801056001533065E-9
0.10526315789473684 0.5 0.7368421052631579 0.999883170000229 0.0 1.1682999999997572E-4 1.3991324765427748E-9 0.0 1.3997511000024726E-9
0.10526315789473684 0.5 0.7894736842105263 0.9999026900001079 0.0 9.730999999998718E-5 5.151410520376487E-9 0.0 5.1517638999988895E-9
0.10526315789473684 0.5 0.8421052631578947 0.9997554200000452 0.0 2.445800000000059E-4 7.208541652481415E-9 0.0 7.208623599993595E-9
0.10526315789473684 0.5 0.8947368421052632 0.9997999999999952 0.0 1.9999999999997402E-4 1.234568003383174E-13 0.0 9.224718191191365E-21
0.10526315789473684 0.5 0.9473684210526315 0.9997643300000371 0.0 2.356699999999359E-4 3.2546594308513477E-9 0.0 3.2546511000179247E-9
0.10526315789473684 0.5 1.0 0.9999000000002242 0.0 9.999999999998701E-5 -6.084022174945858E-13 0.0 2.306179547797841E-21

0.15789473684210525 0.5 0.0 0.24200000000001656 0.0 0.7579999999998898 -2.0483614804334138E-14 0.0 8.415490526658687E-14
0.15789473684210525 0.5 0.05263157894736842 0.8019942400000107 0.0 0.19800575999999878 9.804032783611305E-6 0.0 9.804032821122965E-6
0.15789473684210525 0.5 0.10526315789473684 0.9217642900000175 0.0 0.07823571000000143 6.246411802468543E-6 0.0 6.246411795591232E-6
0.15789473684210525 0.5 0.15789473684210525 0.9970280299998411 0.0 0.0029719699999999467 6.627666304659385E-9 0.0 6.627319100075847E-9
0.15789473684210525 0.5 0.21052631578947367 0.9981634500000381 0.0 0.001836550000000029 9.13691777792991E-9 0.0 9.137097500341772E-9
0.15789473684210525 0.5 0.2631578947368421 0.9987045700000411 0.0 0.0012954300000000793 4.362625816156651E-10 0.0 4.3611509983052065E-10
0.15789473684210525 0.5 0.3157894736842105 0.9981762399998675 0.0 0.0018237600000001201 1.019574602523221E-8 0.0 1.019546239998185E-8
0.15789473684210525 0.5 0.3684210526315789 0.9988859400000842 0.0 0.0011140599999998099 1.6398059243805108E-8 0.0 1.6398316400145346E-8
0.15789473684210525 0.5 0.42105263157894735 0.9995648699998984 0.0 4.351299999999066E-4 6.7991956509416696E-9 0.0 6.798883100095795E-9
0.15789473684210525 0.5 0.47368421052631576 0.9996520099997814 0.0 3.479899999999867E-4 2.4966467782050472E-9 0.0 2.4959599000034577E-9
0.15789473684210525 0.5 0.5263157894736842 0.9994235300001032 0.0 5.764699999999798E-4 1.6381185630187645E-8 0.0 1.638133910006104E-8
0.15789473684210525 0.5 0.5789473684210527 0.9992528999997985 0.0 7.471000000001296E-4 5.5220226169439E-8 0.0 5.521958999963719E-8
0.15789473684210525 0.5 0.631578947368421 0.9994476299999607 0.0 5.523699999999152E-4 1.3216559513473669E-8 0.0 1.321638310010687E-8
0.15789473684210525 0.5 0.6842105263157895 0.9995997599999664 0.0 4.0023999999991554E-4 5.4210089417416896E-8 0.0 5.420994240009798E-8
0.15789473684210525 0.5 0.7368421052631579 0.9998674900002372 0.0 1.325099999999703E-4 2.193464299082848E-9 0.0 2.1940999000121497E-9
0.15789473684210525 0.5 0.7894736842105263 0.9999451899999495 0.0 5.4810000000006185E-5 2.4768571638134063E-9 0.0 2.4768638999997515E-9
0.15789473684210525 0.5 0.8421052631578947 0.9997999999999952 0.0 1.9999999999997402E-4 1.234568003383174E-13 0.0 9.224718191191365E-21
0.15789473684210525 0.5 0.8947368421052632 0.9997421099999784 0.0 2.578899999999979E-4 4.43587477860774E-9 0.0 4.435747900002506E-9
0.15789473684210525 0.5 0.9473684210526315 0.9999259000000668 0.0 7.410000000000042E-5 1.918926351152095E-9 0.0 1.9191900000009594E-9
0.15789473684210525 0.5 1.0 0.999994039999906 0.0 5.959999999999953E-6 5.605717001699873E-10 0.0 5.604783999999988E-10

0.21052631578947367 0.5 0.0 0.20770000000002764 0.0 0.7922999999999227 -5.315192730392937E-15 0.0 1.5709655798445965E-13
0.21052631578947367 0.5 0.05263157894736842 0.7875023000000372 0.0 0.21249770000000476 1.0145036681730168E-5 0.0 1.0145036707133459E-5
0.21052631578947367 0.5 0.10526315789473684 0.9835134999999567 0.0 0.016486499999999318 6.398458902712179E-7 0.0 6.398457500238122E-7
0.21052631578947367 0.5 0.15789473684210525 0.9868845799999643 0.0 0.013115419999997484 2.601743896990527E-7 0.0 2.601742236566071E-7
0.21052631578947367 0.5 0.21052631578947367 0.999139680000064 0.0 8.603199999998676E-4 2.3933314219348745E-9 0.0 2.393497600151103E-9
0.21052631578947367 0.5 0.2631578947368421 0.9994999999998233 0.0 4.999999999998857E-4 5.287992266289621E-13 0.0 1.300195574035351E-19
0.21052631578947367 0.5 0.3157894736842105 0.9992840000000318 0.0 7.15999999999945E-4 9.28401366895315E-9 0.0 9.284000000115242E-9
0.21052631578947367 0.5 0.3684210526315789 0.9998027399999935 0.0 1.9725999999999392E-4 1.6446486506005442E-8 0.0 1.6446492399994367E-8
0.21052631578947367 0.5 0.42105263157894735 0.99968892000001 0.0 3.110799999999764E-4 1.8073362251236347E-8 0.0 1.8073233600041492E-8
0.21052631578947367 0.5 0.47368421052631576 0.9996849499997641 0.0 3.1505000000000573E-4 1.2791459003125283E-9 0.0 1.2784974999736341E-9
0.21052631578947367 0.5 0.5263157894736842 0.9998084400000377 0.0 1.9155999999997839E-4 7.727584128147669E-10 0.0 7.727664000098216E-10
0.21052631578947367 0.5 0.5789473684210527 0.9996810199997662 0.0 3.189800000000071E-4 1.5384125084949574E-9 0.0 1.5377595999723057E-9
0.21052631578947367 0.5 0.631578947368421 0.9996947999997894 0.0 3.0520000000000975E-4 1.469548260857323E-9 0.0 1.4689599999756067E-9
0.21052631578947367 0.5 0.6842105263157895 0.9998296500002158 0.0 1.7034999999998796E-4 4.795318697681239E-9 0.0 4.795877500013428E-9
0.21052631578947367 0.5 0.7368421052631579 0.9997566500000145 0.0 2.4334999999993897E-4 2.4558606259716953E-9 0.0 2.4557775000190243E-9
0.21052631578947367 0.5 0.7894736842105263 0.9999629699999135 0.0 3.7030000000003344E-5 2.331864923377225E-9 0.0 2.3317790999996457E-9
0.21052631578947367 0.5 0.8421052631578947 0.9995477299999561 0.0 4.5226999999988703E-4 1.2783045622022371E-8 0.0 1.2782847100097818E-8
0.21052631578947367 0.5 0.8947368421052632 0.9997423700001172 0.0 2.576300000000253E-4 1.4567525519204594E-8 0.0 1.4567783099979847E-8
0.21052631578947367 0.5 0.9473684210526315 0.9999000000002242 0.0 9.999999999998701E-5 -6.084022174945858E-13 0.0 2.306179547797841E-21
0.21052631578947367 0.5 1.0 0.9995200099999457 0.0 4.7998999999994624E-4 3.728482667053612E-8 0.0 3.7284599900006024E-8

0.2631578947368421 0.5 0.0 0.19199999999997536 0.0 0.8079999999999363 1.502270530195915E-14 0.0 9.070522111187529E-14
0.2631578947368421 0.5 0.05263157894736842 0.8885899600000663 0.0 0.11141004000000314 3.939513054107557E-6 0.0 3.939513198027156E-6
0.2631578947368421 0.5 0.10526315789473684 0.9959460299998808 0.0 0.004053969999999356 3.228430900392709E-8 0.0 3.228423910666325E-8
0.2631578947368421 0.5 0.15789473684210525 0.9972390799998795 0.0 0.002760920000000082 8.745125179565605E-9 0.0 8.744753599632034E-9
0.2631578947368421 0.5 0.21052631578947367 0.9989203400001795 0.0 0.001079659999999787 1.4013859295225473E-8 0.0 1.4014284400506963E-8
0.2631578947368421 0.5 0.2631578947368421 0.9994000000001493 0.0 6.000000000000254E-4 -1.8107737531636303E-13 0.0 -1.0836727768934705E-19
0.2631578947368421 0.5 0.3157894736842105 0.999683239999765 0.0 3.1676000000000626E-4 1.3957526245889085E-9 0.0 1.3951023999730668E-9
0.2631578947368421 0.5 0.3684210526315789 0.9996999999997668 0.0 3.000000000000127E-4 6.402656183013278E-13 0.0 -2.7091819422336762E-20
0.2631578947368421 0.5 0.42105263157894735 0.999812710000069 0.0 1.8728999999997854E-4 8.079308888575554E-9 0.0 8.079455900008193E-9
0.2631578947368421 0.5 0.47368421052631576 0.9995365100000675 0.0 4.6348999999988957E-4 5.593904339740163E-9 0.0 5.594019900071589E-9
0.2631578947368421 0.5 0.5263157894736842 0.9996000000000863 0.0 3.9999999999994803E-4 -8.448797217397441E-14 0.0 3.689887276476546E-20
0.2631578947368421 0.5 0.5789473684210527 0.9993845099999191 0.0 6.154900000000719E-4 1.0459383026351077E-8 0.0 1.0459059899910491E-8
0.2631578947368421 0.5 0.631578947368421 0.9994032500001012 0.0 5.967500000000702E-4 1.2443606145495778E-9 0.0 1.2444374998469318E-9
0.2631578947368421 0.5 0.6842105263157895 0.9988904099999908 0.0 0.001109589999999877 5.1554881586035606E-8 0.0 5.1555031899991876E-8
0.2631578947368421 0.5 0.7368421052631579 0.9999000000002242 0.0 9.999999999998701E-5 -6.084022174945858E-13 0.0 2.306179547797841E-21
0.2631578947368421 0.5 0.7894736842105263 0.9989121499999055 5.504500000000236E-4 5.373999999999989E-4 5.056857282914606E-7 2.7579979749999537E-7 9.271923999999941E-8
0.2631578947368421 0.5 0.8421052631578947 0.9997999999999952 0.0 1.9999999999997402E-4 1.234568003383174E-13 0.0 9.224718191191365E-21
0.2631578947368421 0.5 0.8947368421052632 0.9992696099999588 0.0 7.303900000000267E-4 2.240351171245436E-8 0.0 2.240344789997441E-8
0.2631578947368421 0.5 0.9473684210526315 0.9999000000002242 0.0 9.999999999998701E-5 -6.084022174945858E-13 0.0 2.306179547797841E-21
0.2631578947368421 0.5 1.0 0.999981079999904 0.0 1.892000000000045E-5 1.5341424797199466E-9 0.0 1.53403360000007E-9

0.3157894736842105 0.5 0.0 0.17199999999997043 0.0 0.8280000000001648 4.65599780952175E-15 0.0 -4.3287595730134854E-13
0.3157894736842105 0.5 0.05263157894736842 0.7845595999999844 0.0 0.21544040000000123 1.412644386877826E-5 0.0 1.4126443837129965E-5
0.3157894736842105 0.5 0.10526315789473684 0.991816509999902 0.0 0.008183489999998766 8.724866285003685E-8 0.0 8.724841992464676E-8
0.3157894736842105 0.5 0.15789473684210525 0.996551579999798 0.0 0.0034484200000007023 7.905803900420949E-9 0.0 7.905503597081692E-9
0.3157894736842105 0.5 0.21052631578947367 0.9959899699999504 0.0 0.00401002999999961 8.305434551214574E-8 0.0 8.305439910509261E-8
0.3157894736842105 0.5 0.2631578947368421 0.9991323500001168 0.0 8.676499999998364E-4 7.754236919232937E-9 0.0 7.754477500198142E-9
0.3157894736842105 0.5 0.3157894736842105 0.99841008999999 0.0 0.0015899100000002116 5.616541742803349E-8 0.0 5.61651918989993E-8
0.3157894736842105 0.5 0.3684210526315789 0.9993888800001448 0.0 6.111200000000198E-4 9.88173320948249E-10 0.0 9.88345599892969E-10
0.3157894736842105 0.5 0.42105263157894735 0.9660582800000038 0.015699350000000327 0.018242370000000084 6.758197343537109E-5 1.6352296577477985E-5 1.940610778310175E-5
0.3157894736842105 0.5 0.47368421052631576 0.903082530000004 0.04714605999999972 0.04977141000000002 1.784354697904611E-4 4.525364647638445E-5 5.07830356118932E-5
0.3157894736842105 0.5 0.5263157894736842 0.8516409200000028 0.07633272000000013 0.07202635999999987 6.321344554471864E-5 2.3973807401479058E-5 1.581670715030195E-5
0.3157894736842105 0.5 0.5789473684210527 0.8227544200000003 0.09565319999999976 0.0815923799999997 8.111052246217998E-5 2.9230657759900247E-5 2.177812993567601E-5
0.3157894736842105 0.5 0.631578947368421 0.8061218800000002 0.10820396000000036 0.08567415999999924 1.1775140726222322E-4 4.559070031826158E-5 2.617625429457513E-5
0.3157894736842105 0.5 0.6842105263157895 0.7922836499999985 0.12070597999999978 0.08701036999999948 8.296191367340722E-5 3.513859023981589E-5 1.971261146312131E-5
0.3157894736842105 0.5 0.7368421052631579 0.7890162799999999 0.12562028000000072 0.08536343999999943 1.1199235095726845E-4 4.383402272171294E-5 2.687783136652057E-5
0.3157894736842105 0.5 0.7894736842105263 0.7839401200000025 0.13145462999999996 0.08460524999999959 1.5626334036644707E-4 6.895243856327657E-5 2.4571103437537323E-5
0.3157894736842105 0.5 0.8421052631578947 0.7559364399999985 0.15289959999999997 0.09116395999999928 8.652799812058909E-5 4.428043983990479E-5 1.6651569118368223E-5
0.3157894736842105 0.5 0.8947368421052632 0.7609797300000041 0.15289782000000035 0.08612244999999938 1.514544841166865E-4 7.513083924716099E-5 2.3360078997696453E-5
0.3157894736842105 0.5 0.9473684210526315 0.7548661200000029 0.16037291000000028 0.08476096999999931 1.2012873013622638E-4 5.9554465131759354E-5 1.863980765921553E-5
0.3157894736842105 0.5 1.0 0.7547724999999994 0.16358072000000037 0.08164678000000017 1.5656082374770897E-4 8.246028628128288E-5 1.863835963159151E-5

0.3684210526315789 0.5 0.0 0.14410000000001552 0.0 0.8558999999999345 -1.214306433183765E-15 0.0 2.0539125955565396E-14
0.3684210526315789 0.5 0.05263157894736842 0.7275141299999719 0.0 0.2724858700000076 2.0741655372469303E-5 0.0 2.0741655336331544E-5
0.3684210526315789 0.5 0.10526315789473684 0.9954686499998505 0.0 0.004531349999999814 5.256434287836953E-9 0.0 5.256177497916815E-9
0.3684210526315789 0.5 0.15789473684210525 0.996016819999986 0.0 0.003983179999999677 3.7350916470835216E-8 0.0 3.735108760551418E-8
0.3684210526315789 0.5 0.21052631578947367 0.9974819200001173 0.0 0.002518079999999902 3.066079612423778E-8 0.0 3.0661113601451254E-8
0.3684210526315789 0.5 0.2631578947368421 0.8498310200000011 0.05209080999999943 0.09807816999999976 3.0233669174539735E-4 4.9568294543955466E-5 1.253839124511491E-4
0.3684210526315789 0.5 0.3157894736842105 0.7853527500000016 0.08306980999999998 0.13157744000000052 1.1544548043540548E-4 2.6927857563947312E-5 5.3943339046777505E-5
0.3684210526315789 0.5 0.3684210526315789 0.7631826300000015 0.10005756000000007 0.1367598100000005 2.3758653926930773E-4 6.334091884615221E-5 7.771957576397509E-5
0.3684210526315789 0.5 0.42105263157894735 0.711341189999998 0.13190159000000065 0.1567572200000007 2.2223035038526628E-4 6.423040847196998E-5 6.694751787171549E-5
0.3684210526315789 0.5 0.47368421052631576 0.6945235799999955 0.14852328000000126 0.15695314000000096 1.763991119874131E-4 5.307833204103163E-5 5.8296086139657255E-5
0.3684210526315789 0.5 0.5263157894736842 0.6798029399999979 0.16453933999999978 0.15565772000000003 8.714724535308083E-5 3.827609436458587E-5 2.6712352401411787E-5
0.3684210526315789 0.5 0.5789473684210527 0.6665560800000015 0.17903563999999975 0.15440828000000048 1.721292470289737E-4 7.519941779010608E-5 4.4939157441369754E-5
0.3684210526315789 0.5 0.631578947368421 0.663284990000001 0.18831065000000005 0.14840435999999993 1.7661061770446462E-4 7.83287095770524E-5 3.227196899052362E-5
0.3684210526315789 0.5 0.6842105263157895 0.6482523800000011 0.2029157200000001 0.14883190000000054 6.0763140334874066E-5 3.486960688178081E-5 1.6849624389768392E-5
0.3684210526315789 0.5 0.7368421052631579 0.6471208199999978 0.20987407000000108 0.14300511000000035 7.934159253181194E-5 4.773267063463982E-5 1.9951536887562876E-5
0.3684210526315789 0.5 0.7894736842105263 0.645804650000002 0.2165028000000013 0.13769255000000036 8.083263538016805E-5 4.020962615917251E-5 2.2400867497562177E-5
0.3684210526315789 0.5 0.8421052631578947 0.6392109999999992 0.22675466999999996 0.13403433000000076 6.000113100346205E-5 3.2062434191133804E-5 1.6035088451049617E-5
0.3684210526315789 0.5 0.8947368421052632 0.6403415600000008 0.23094525000000032 0.1287131900000002 3.637990876836916E-5 1.871292543709907E-5 1.689537702429314E-5
0.3684210526315789 0.5 0.9473684210526315 0.6400994699999998 0.23533351999999966 0.12456701000000024 7.197469471931228E-5 4.062279640864447E-5 1.6088416660141325E-5
0.3684210526315789 0.5 1.0 0.6357178000000032 0.2431253799999995 0.12115682000000104 5.26199231545843E-5 3.560188385584584E-5 1.3362051487223608E-5

0.42105263157894735 0.5 0.0 0.14079999999999662 0.0 0.8591999999998771 -3.552713678800501E-15 0.0 2.6789681584205027E-13
0.42105263157894735 0.5 0.05263157894736842 0.8640448299999868 0.0 0.13595517000000165 3.92641731805643E-6 0.0 3.926417271104404E-6
0.42105263157894735 0.5 0.10526315789473684 0.9962782599999171 0.0 0.0037217399999999205 1.390952908408849E-8 0.0 1.3909372400765693E-8
0.42105263157894735 0.5 0.15789473684210525 0.8900870799999969 0.02601720999999981 0.08389570999999862 7.008213910886241E-5 8.567856815898086E-6 3.935385259612196E-5
0.42105263157894735 0.5 0.21052631578947367 0.7901673599999985 0.06303490000000019 0.14679774000000154 7.463699226295528E-4 8.465532998997664E-5 3.5601273089148205E-4
0.42105263157894735 0.5 0.2631578947368421 0.694791739999997 0.10476703999999998 0.20044122 1.0324373977527168E-4 2.589852363830622E-5 5.006263691156865E-5
0.42105263157894735 0.5 0.3157894736842105 0.650678850000004 0.13542535000000017 0.21389579999999894 3.6289504966935393E-4 7.985834237739242E-5 1.2653363836045983E-4
0.42105263157894735 0.5 0.3684210526315789 0.6222085899999981 0.16110465 0.21668676000000064 1.9566537121579186E-4 5.772759537783431E-5 7.021973670234827E-5
0.42105263157894735 0.5 0.42105263157894735 0.6049759600000018 0.18016289999999985 0.21486114000000023 1.2123018207765845E-4 5.024968958972087E-5 3.641375390009416E-5
0.42105263157894735 0.5 0.47368421052631576 0.5871726799999986 0.20125423999999978 0.2115730800000013 1.6506989961695417E-4 5.616429002255896E-5 5.483882331346057E-5
0.42105263157894735 0.5 0.5263157894736842 0.5869400400000007 0.21121765000000062 0.20184230999999955 9.074861079905183E-5 3.364820147729042E-5 3.1998480863951184E-5
0.42105263157894735 0.5 0.5789473684210527 0.5732389599999973 0.22929550999999884 0.19746552999999917 6.279905212214221E-5 2.9815182840182974E-5 2.3312188819138435E-5
0.42105263157894735 0.5 0.631578947368421 0.5692524499999981 0.24066784999999957 0.19007969999999996 6.866992400117455E-5 3.376638337788257E-5 2.5988781909243308E-5
0.42105263157894735 0.5 0.6842105263157895 0.5684331500000006 0.2497604199999989 0.18180643000000005 5.756720807365001E-5 3.600157142487348E-5 2.072416965427648E-5
0.42105263157894735 0.5 0.7368421052631579 0.5653878799999976 0.2593728599999995 0.17523926000000029 6.121058510610844E-5 3.540504942176059E-5 1.9900144651904816E-5
0.42105263157894735 0.5 0.7894736842105263 0.566911019999998 0.26517249000000137 0.16791649000000053 5.315387455800957E-5 3.573087419986298E-5 1.6695745080057278E-5
0.42105263157894735 0.5 0.8421052631578947 0.5610220200000031 0.2754138099999992 0.16356416999999918 1.0027803711359917E-4 5.737130428432047E-5 2.1904339211745172E-5
0.42105263157894735 0.5 0.8947368421052632 0.5622257700000014 0.28041127000000016 0.15736296000000144 6.509468290077924E-5 3.7707017986374214E-5 1.672898603790815E-5
0.42105263157894735 0.5 0.9473684210526315 0.5606309099999972 0.2878327499999996 0.15153633999999958 3.923854557580375E-5 2.7158582437958323E-5 1.3526309404574693E-5
0.42105263157894735 0.5 1.0 0.5599810500000011 0.2937430900000005 0.1462758599999992 5.101097589177428E-5 4.164016225209621E-5 1.5473749260409148E-5

0.47368421052631576 0.5 0.0 0.12919999999999612 0.0 0.8708000000001104 1.745131816832668E-15 0.0 -2.9332092310596636E-13
0.47368421052631576 0.5 0.05263157894736842 0.7168378400000069 0.0 0.2831621599999882 2.0544546119327656E-5 0.0 2.0544546138714925E-5
0.47368421052631576 0.5 0.10526315789473684 0.9572195500000015 0.007247130000000085 0.035533320000000264 9.515634080592417E-5 5.022031763097171E-6 6.520895177754803E-5
0.47368421052631576 0.5 0.15789473684210525 0.7237955900000024 0.06644673000000027 0.20975767999999884 1.1542847154366598E-4 1.9799411307029266E-5 8.519893901787895E-5
0.47368421052631576 0.5 0.21052631578947367 0.6514939999999992 0.10332289999999997 0.24518309999999952 6.443239600423256E-5 1.626226558998009E-5 4.283135039000879E-5
0.47368421052631576 0.5 0.2631578947368421 0.5919422999999979 0.14090665000000052 0.2671510500000001 2.2655574871593975E-4 5.312109077720145E-5 8.694522489789691E-5
0.47368421052631576 0.5 0.3157894736842105 0.5655374699999999 0.16832780000000078 0.2661347299999997 1.6656600299691515E-4 5.2796889159389265E-5 7.71210428270469E-5
0.47368421052631576 0.5 0.3684210526315789 0.5439116599999994 0.19268877999999975 0.26339955999999953 1.2040948604435942E-4 4.190826411096249E-5 4.637558780773432E-5
0.47368421052631576 0.5 0.42105263157894735 0.5311560999999981 0.21424299999999954 0.2546008999999997 1.8490947079452535E-4 5.9517181000057207E-5 5.3990583190915986E-5
0.47368421052631576 0.5 0.47368421052631576 0.5190281500000006 0.23404007000000002 0.24693177999999905 1.010687805780841E-4 4.008336939420598E-5 3.6534818033451266E-5
0.47368421052631576 0.5 0.5263157894736842 0.5154498999999986 0.2487355999999993 0.23581449999999948 1.0907946999594298E-4 5.358488064121508E-5 3.2060769749549245E-5
0.47368421052631576 0.5 0.5789473684210527 0.5107619200000002 0.2625476000000009 0.22669047999999856 7.922470991583719E-5 3.997726624067888E-5 3.0391017369978124E-5
0.47368421052631576 0.5 0.631578947368421 0.5118581100000003 0.2718412599999989 0.21630062999999997 1.1195433023186707E-4 5.905679561296617E-5 2.9285976603274366E-5
0.47368421052631576 0.5 0.6842105263157895 0.5046946300000007 0.2875460899999988 0.2077592800000007 5.88131081640797E-5 3.2453950712788004E-5 2.3569979881447878E-5
0.47368421052631576 0.5 0.7368421052631579 0.5049683300000015 0.295545440000001 0.1994862300000001 4.7827032011005244E-5 3.064561520656206E-5 2.648504538704799E-5
0.47368421052631576 0.5 0.7894736842105263 0.5050508800000009 0.3033330900000009 0.19161602999999958 6.578019122394085E-5 3.7190218052485235E-5 2.6328978038829554E-5
0.47368421052631576 0.5 0.8421052631578947 0.503698360000001 0.3117454700000009 0.18455617000000074 1.509743693108856E-4 8.201841747876304E-5 2.845166393023596E-5
0.47368421052631576 0.5 0.8947368421052632 0.5036895299999993 0.31872288000000265 0.1775875899999997 4.4836159379779694E-5 3.11908345040357E-5 1.593245099150431E-5
0.47368421052631576 0.5 0.9473684210526315 0.5094106900000015 0.3203758700000001 0.1702134399999991 5.6033584722947616E-5 4.7389046742701835E-5 1.457659936649619E-5
0.47368421052631576 0.5 1.0 0.5055982499999996 0.33023939000000097 0.1641623600000007 4.1844281938152594E-5 3.171811742695707E-5 1.4961511230763419E-5

0.5263157894736842 0.5 0.0 0.11469999999999582 0.0 0.8852999999998329 -7.37257477290143E-16 0.0 3.774758283725532E-13
0.5263157894736842 0.5 0.05263157894736842 0.7511987600000023 0.0 0.24880124000000017 1.5799150479556268E-5 0.0 1.5799150461862088E-5
0.5263157894736842 0.5 0.10526315789473684 0.7585498099999973 0.04245437999999972 0.19899580999999986 1.722696039634375E-4 1.773970681562026E-5 1.2089168144421153E-4
0.5263157894736842 0.5 0.15789473684210525 0.6565506699999992 0.08205578000000036 0.26139355000000103 1.665455055541165E-4 2.4064270591545554E-5 9.784771139723092E-5
0.5263157894736842 0.5 0.21052631578947367 0.5635677999999984 0.12996725000000087 0.30646495000000135 1.4269721116244583E-4 3.534686043766069E-5 8.2518046497157E-5
0.5263157894736842 0.5 0.2631578947368421 0.5335860899999995 0.16041195000000083 0.3060019600000008 9.808288951401734E-5 2.9587572197196932E-5 5.666600015845347E-5
0.5263157894736842 0.5 0.3157894736842105 0.4949029599999988 0.19602739000000055 0.3090696499999987 1.1170638923960197E-4 5.2083384787231235E-5 6.353335387832004E-5
0.5263157894736842 0.5 0.3684210526315789 0.48523778999999756 0.21675716000000086 0.29800505 1.424431469197185E-4 4.0806776734181316E-5 6.59865494986589E-5
0.5263157894736842 0.5 0.42105263157894735 0.47203971999999994 0.2413773999999998 0.2865828799999997 9.463829632214149E-5 4.152691923931667E-5 4.419367290518783E-5
0.5263157894736842 0.5 0.47368421052631576 0.46589682999999865 0.259911670000001 0.27419150000000003 6.442010895488237E-5 3.6559514810990956E-5 2.8474951749610233E-5
0.5263157894736842 0.5 0.5263157894736842 0.46217305999999975 0.2769602800000018 0.2608666600000004 6.81721002386837E-5 4.746472431997606E-5 2.948634844479603E-5
0.5263157894736842 0.5 0.5789473684210527 0.4589427299999975 0.2907185900000004 0.25033867999999937 5.4527465151027465E-5 3.403505941142193E-5 2.2853381859172517E-5
0.5263157894736842 0.5 0.631578947368421 0.4590088999999985 0.30238182999999963 0.23860926999999976 6.185332079400307E-5 4.275328885149088E-5 2.1533015066924066E-5
0.5263157894736842 0.5 0.6842105263157895 0.460676469999998 0.3116913400000007 0.2276321899999991 4.384405534282876E-5 3.249120700356267E-5 1.9494578803916363E-5
0.5263157894736842 0.5 0.7368421052631579 0.4626780900000001 0.32046707000000185 0.2168548400000013 4.198267495436614E-5 2.9367188613807493E-5 1.9694072573891996E-5
0.5263157894736842 0.5 0.7894736842105263 0.4600849899999993 0.3306853599999997 0.20922965000000046 6.265621570156199E-5 4.842010566991073E-5 2.013431787756259E-5
0.5263157894736842 0.5 0.8421052631578947 0.4588485299999993 0.3397153899999997 0.20143608000000046 3.8715891840152006E-5 3.547686214697143E-5 1.696586623347457E-5
0.5263157894736842 0.5 0.8947368421052632 0.4598789400000001 0.346859039999999 0.1932620199999995 3.786944847877782E-5 2.5237258278298924E-5 1.9269075519287582E-5
0.5263157894736842 0.5 0.9473684210526315 0.4628811799999986 0.35109764999999926 0.18602117000000026 3.1902129813576874E-5 2.4415281477258022E-5 1.37093788301762E-5
0.5263157894736842 0.5 1.0 0.462972719999996 0.35835194999999975 0.1786753299999991 4.894919980816259E-5 4.52250321966996E-5 1.4694882390794972E-5

0.5789473684210527 0.5 0.0 0.1062000000000188 0.0 0.8938000000000448 -2.6506574712925612E-15 0.0 1.4432899320127035E-14
0.5789473684210527 0.5 0.05263157894736842 0.8514478899999922 0.0 0.14855210999999865 5.19744151672441E-6 0.0 5.197441548900061E-6
0.5789473684210527 0.5 0.10526315789473684 0.6796396199999967 0.0556686800000004 0.26469169999999975 1.593711782545415E-4 1.946075305761562E-5 9.750006711009562E-5
0.5789473684210527 0.5 0.15789473684210525 0.5765004900000008 0.10192640999999943 0.3215731000000006 2.420470047595491E-4 4.4596765512017536E-5 1.2945013639020786E-4
0.5789473684210527 0.5 0.21052631578947367 0.512130000000001 0.14408667000000033 0.34378332999999917 1.6476215999999821E-4 3.855680131082187E-5 6.940718511135036E-5
0.5789473684210527 0.5 0.2631578947368421 0.4787687799999999 0.1793160799999995 0.3419151400000013 1.0693544331161209E-4 4.408297543313788E-5 4.963089477912075E-5
0.5789473684210527 0.5 0.3157894736842105 0.45453156999999794 0.2113732900000007 0.3340951399999996 1.0221462633736023E-4 4.447402557593988E-5 5.672603438004742E-5
0.5789473684210527 0.5 0.3684210526315789 0.4412558400000001 0.23631062000000055 0.3224335400000007 6.651897389312045E-5 4.000131921519379E-5 3.308089906792211E-5
0.5789473684210527 0.5 0.42105263157894735 0.43351474000000184 0.2584346099999989 0.3080506500000022 7.855198873168989E-5 3.8660283149291597E-5 3.20749135769155E-5
0.5789473684210527 0.5 0.47368421052631576 0.4248227400000005 0.28019337000000005 0.2949838899999987 5.543392689030813E-5 3.493982304131338E-5 3.259949746839408E-5
0.5789473684210527 0.5 0.5263157894736842 0.4246981200000019 0.29472510999999996 0.28057676999999964 4.4889598463049296E-5 3.974474648807402E-5 1.7210303366266277E-5
0.5789473684210527 0.5 0.5789473684210527 0.42128099000000246 0.31063469000000216 0.2680843199999999 4.1878363615077685E-5 2.6671075602460736E-5 2.0300680137905203E-5
0.5789473684210527 0.5 0.631578947368421 0.4244438900000002 0.3212526599999997 0.25430344999999976 3.79595566657176E-5 3.195298492496279E-5 2.054477309834657E-5
0.5789473684210527 0.5 0.6842105263157895 0.42239424000000014 0.33340064999999963 0.24420510999999978 4.942143881958572E-5 3.58240185776848E-5 1.708261888806739E-5
0.5789473684210527 0.5 0.7368421052631579 0.4240979899999998 0.3431008999999999 0.23280110999999937 4.2211238958672626E-5 2.8927251189220238E-5 1.5689835768356586E-5
0.5789473684210527 0.5 0.7894736842105263 0.4224928500000001 0.35407669999999863 0.223430449999999 3.5523215875105096E-5 3.972960710951767E-5 1.776480179759704E-5
0.5789473684210527 0.5 0.8421052631578947 0.42511847000000014 0.3613051300000017 0.21357640000000042 4.9012501857070845E-5 3.347971268038985E-5 2.0004199039899695E-5
0.5789473684210527 0.5 0.8947368421052632 0.42443755000000205 0.3697712900000013 0.20579116000000025 5.21242169943259E-5 3.52980667328584E-5 1.964803585453867E-5
0.5789473684210527 0.5 0.9473684210526315 0.42547074000000035 0.37662384999999926 0.1979054100000001 3.142525185079181E-5 3.167424617445125E-5 1.5271291731525083E-5
0.5789473684210527 0.5 1.0 0.429531710000002 0.3807596499999992 0.18970864000000004 3.4613713472742E-5 2.9716460875323092E-5 1.4145231349897702E-5

0.631578947368421 0.5 0.0 0.09830000000001453 0.0 0.9017000000000052 -1.5681900222830336E-15 0.0 1.4788170688007085E-13
0.631578947368421 0.5 0.05263157894736842 0.9070998700000348 0.0 0.09290012999999193 1.98388291661189E-6 0.0 1.983882983929569E-6
0.631578947368421 0.5 0.10526315789473684 0.6351060599999991 0.06381126000000027 0.3010826799999985 4.876119972784809E-4 3.513477521238217E-5 3.142176460193269E-4
0.631578947368421 0.5 0.15789473684210525 0.5271587899999994 0.11393793999999997 0.35890327000000105 1.670903847415528E-4 2.4415510556565628E-5 9.897916030449094E-5
0.631578947368421 0.5 0.21052631578947367 0.46866641999999864 0.1575154300000007 0.3738181499999991 2.3320787638578255E-4 5.4499752915080496E-5 1.200924055753394E-4
0.631578947368421 0.5 0.2631578947368421 0.4360428300000004 0.19465117999999873 0.36930599000000075 1.629450605878935E-4 5.0734902607693644E-5 6.84655531165701E-5
0.631578947368421 0.5 0.3157894736842105 0.4149888900000008 0.22733694999999973 0.35767415999999785 1.057828915661807E-4 4.844745769756048E-5 4.4240680294682644E-5
0.631578947368421 0.5 0.3684210526315789 0.4060305700000002 0.25151381999999917 0.3424556100000004 9.230671447318928E-5 4.606513900876075E-5 3.14631845265978E-5
0.631578947368421 0.5 0.42105263157894735 0.39928082999999825 0.2737228299999998 0.32699633999999983 8.005063951085911E-5 3.4168865790454306E-5 3.584819260404881E-5
0.631578947368421 0.5 0.47368421052631576 0.39284559999999874 0.2959405100000003 0.3112138900000007 6.689411863902706E-5 4.0944537939666126E-5 3.219134406741431E-5
0.631578947368421 0.5 0.5263157894736842 0.39355563000000104 0.3113413599999997 0.2951030099999997 5.963021830165949E-5 3.9297881350430774E-5 2.4608543940179972E-5
0.631578947368421 0.5 0.5789473684210527 0.3902343500000013 0.326786650000002 0.282979 5.367008907336546E-5 4.8148746776707774E-5 3.11801849998683E-5
0.631578947368421 0.5 0.631578947368421 0.3920926900000001 0.33904168999999895 0.2688656200000003 3.779240356291402E-5 2.5989328943196166E-5 1.7146576015522608E-5
0.631578947368421 0.5 0.6842105263157895 0.3924925800000005 0.3508908499999996 0.2566165700000002 5.904659094083109E-5 4.944191327649339E-5 1.7999634435938994E-5
0.631578947368421 0.5 0.7368421052631579 0.3914665300000009 0.36301549999999905 0.24551797000000006 3.387063275617219E-5 3.47802357486271E-5 1.960539407969142E-5
0.631578947368421 0.5 0.7894736842105263 0.39377573999999926 0.3712680400000005 0.23495621999999847 5.9893123451004726E-5 4.4059656555212046E-5 2.1517727312216073E-5
0.631578947368421 0.5 0.8421052631578947 0.3934723000000003 0.3809031400000018 0.22562455999999909 4.3356676707850816E-5 3.61131441356799E-5 1.6708860806340098E-5
0.631578947368421 0.5 0.8947368421052632 0.39567768999999975 0.38708763999999946 0.21723467000000082 4.891088326353099E-5 4.837277522815042E-5 1.948848899057526E-5
0.631578947368421 0.5 0.9473684210526315 0.39719522000000024 0.3945015800000002 0.20830319999999983 5.387538315054785E-5 4.8122249500570646E-5 1.5026581760287094E-5
0.631578947368421 0.5 1.0 0.39914800000000134 0.40023287999999957 0.20061911999999926 3.335223999834103E-5 2.7457918904488787E-5 1.845606642596892E-5

0.6842105263157895 0.5 0.0 0.08919999999999473 0.0 0.9108000000001399 3.12944115066216E-15 0.0 -3.6637359812630166E-13
0.6842105263157895 0.5 0.05263157894736842 0.7285610900000034 0.027012720000000157 0.24442618999999774 7.561381550111879E-4 4.9967740201598736E-5 5.980482890853497E-4
0.6842105263157895 0.5 0.10526315789473684 0.5963359200000015 0.06968239000000015 0.3339816899999998 3.163628857587586E-4 3.2128272887772466E-5 2.0146295974525497E-4
0.6842105263157895 0.5 0.15789473684210525 0.4940860799999991 0.1205386200000005 0.3853753 2.3488420423187217E-4 3.895481649550045E-5 1.375972919072932E-4
0.6842105263157895 0.5 0.21052631578947367 0.4363577899999994 0.16684751000000125 0.39679469999999806 1.0212837931730667E-4 3.549322779982517E-5 4.759492391115394E-5
0.6842105263157895 0.5 0.2631578947368421 0.4059523699999997 0.2048236600000006 0.3892239700000006 1.5140619038220282E-4 4.6857304204082906E-5 7.180565043737874E-5
0.6842105263157895 0.5 0.3157894736842105 0.3846735699999992 0.23836808999999803 0.37695834 6.970506645373464E-5 3.0262150753100625E-5 3.8276782439478074E-5
0.6842105263157895 0.5 0.3684210526315789 0.37580585000000144 0.2650489299999998 0.35914522000000104 5.30567547718519E-5 3.381700085515471E-5 3.667313114866233E-5
0.6842105263157895 0.5 0.42105263157894735 0.3683206699999997 0.2888519099999999 0.3428274199999994 6.948108974813572E-5 3.757959835150315E-5 2.311554814289629E-5
0.6842105263157895 0.5 0.47368421052631576 0.36525211999999996 0.3094860200000005 0.3252618600000001 5.745354950284498E-5 3.322135656017022E-5 2.4461365340386343E-5
0.6842105263157895 0.5 0.5263157894736842 0.36284882999999984 0.32745054000000057 0.30970062999999987 5.866582462868419E-5 3.796853570882386E-5 2.426914060348062E-5
0.6842105263157895 0.5 0.5789473684210527 0.3620468699999985 0.34283908999999807 0.2951140399999995 5.5305430201740835E-5 3.8076982972326534E-5 2.8807088878896048E-5
0.6842105263157895 0.5 0.631578947368421 0.36417793999999976 0.35449674999999875 0.28132530999999894 4.245837735489255E-5 3.755228843813074E-5 2.124072640312391E-5
0.6842105263157895 0.5 0.6842105263157895 0.36721323999999694 0.36505717000000115 0.2677295900000008 4.170401870148832E-5 3.452238458692691E-5 1.9990115430912336E-5
0.6842105263157895 0.5 0.7368421052631579 0.36476413000000046 0.377543280000002 0.25769258999999956 3.182701634019125E-5 3.0141398837890687E-5 1.9534122093031736E-5
0.6842105263157895 0.5 0.7894736842105263 0.36723903999999913 0.38828956999999953 0.2444713899999992 2.486296787657105E-5 2.441098021319088E-5 1.839069846918534E-5
0.6842105263157895 0.5 0.8421052631578947 0.36785682999999875 0.3971852799999994 0.2349578899999998 2.788535934938885E-5 2.7966323321415576E-5 1.800015774778424E-5
0.6842105263157895 0.5 0.8947368421052632 0.37043005999999756 0.40432278000000016 0.22524716000000009 3.8471264395878446E-5 3.899362907158754E-5 1.6893011933784285E-5
0.6842105263157895 0.5 0.9473684210526315 0.37248830000000016 0.4108427400000001 0.21666896000000124 3.8983009105125754E-5 2.679862929175214E-5 1.85766645178706E-5
0.6842105263157895 0.5 1.0 0.3747515299999995 0.416050229999999 0.2091982400000007 4.170413565707243E-5 3.7419341947009244E-5 2.0161028902135336E-5

0.7368421052631579 0.5 0.0 0.07769999999999894 0.0 0.9223000000001896 1.343543332144037E-15 0.0 -4.226619054747971E-13
0.7368421052631579 0.5 0.05263157894736842 0.6953130099999979 0.029497509999999883 0.27518947999999943 0.006841500447739068 1.7851773679990646E-4 0.005432510201329857
0.7368421052631579 0.5 0.10526315789473684 0.5369870599999995 0.08132172999999918 0.38169121000000045 4.219016905617212E-4 3.749390080718534E-5 2.9404522573397984E-4
0.7368421052631579 0.5 0.15789473684210525 0.45639947999999925 0.1309658600000008 0.41263466000000043 3.0438716172939695E-4 6.076688646037068E-5 1.9323698068304807E-4
0.7368421052631579 0.5 0.21052631578947367 0.4142419100000002 0.17220210999999877 0.41355597999999916 1.883835845505888E-4 5.3484804547934695E-5 8.961260623704947E-5
0.7368421052631579 0.5 0.2631578947368421 0.3755954199999998 0.21570224000000005 0.4087023399999992 5.633995301995709E-5 2.5950350982698045E-5 3.4340034523350216E-5
0.7368421052631579 0.5 0.3157894736842105 0.3576737499999991 0.24868221999999923 0.3936440299999983 7.966834993589078E-5 3.714661387245466E-5 3.678842835899698E-5
0.7368421052631579 0.5 0.3684210526315789 0.3492271299999998 0.27536925999999967 0.37540360999999967 5.896568296288873E-5 4.131027705213397E-5 2.2551063965287055E-5
0.7368421052631579 0.5 0.42105263157894735 0.34740529999999925 0.29841653999999934 0.35417815999999985 4.665442591027247E-5 3.73972624289759E-5 2.4991439014354633E-5
0.7368421052631579 0.5 0.47368421052631576 0.3402865999999994 0.3203531300000004 0.3393602699999999 7.66351344385352E-5 4.279413620321415E-5 4.0111988525992626E-5
0.7368421052631579 0.5 0.5263157894736842 0.3403137799999996 0.3376747200000003 0.3220114999999998 5.1538540110918074E-5 4.467601692106915E-5 2.7463109749784054E-5
0.7368421052631579 0.5 0.5789473684210527 0.34031460999999885 0.35450771999999947 0.30517767000000046 3.026472954760495E-5 2.3770872400741272E-5 2.0303390372442E-5
0.7368421052631579 0.5 0.631578947368421 0.3407557799999966 0.3680902700000002 0.29115395000000055 3.578652859274889E-5 2.91917443239198E-5 2.373067839740728E-5
0.7368421052631579 0.5 0.6842105263157895 0.3436838299999972 0.3789340500000003 0.2773821200000002 4.1968137531933625E-5 3.8480611596586334E-5 2.2608772304727465E-5
0.7368421052631579 0.5 0.7368421052631579 0.34339648999999967 0.3915446600000013 0.26505884999999996 4.3774566679546933E-5 4.316483348132394E-5 2.651151567803489E-5
0.7368421052631579 0.5 0.7894736842105263 0.34616707999999735 0.40076790999999934 0.25306500999999976 3.5191356274125174E-5 2.6864253230840518E-5 1.5807852701041347E-5
0.7368421052631579 0.5 0.8421052631578947 0.3473375499999964 0.4096874199999999 0.2429750299999992 4.298923099912977E-5 4.130721774314727E-5 2.0930121499888876E-5
0.7368421052631579 0.5 0.8947368421052632 0.348580879999999 0.41804498999999906 0.2333741299999996 2.596872242630055E-5 2.3290720899488138E-5 1.722910974356201E-5
0.7368421052631579 0.5 0.9473684210526315 0.351621329999998 0.42337737999999997 0.22500128999999935 3.7697938031835965E-5 3.638032233405086E-5 2.231768333543771E-5
0.7368421052631579 0.5 1.0 0.3528285399999986 0.4321919200000023 0.21497954000000116 3.189857146841668E-5 2.9648270710919133E-5 1.984460138805544E-5

0.7894736842105263 0.5 0.0 0.08330000000000755 0.0 0.9166999999998996 -2.0148813173470614E-15 0.0 3.417266469796232E-13
0.7894736842105263 0.5 0.05263157894736842 0.6636899699999982 0.03372989999999989 0.30258012999999756 0.003017302336397132 1.1907358398999734E-4 0.0023040302321840483
0.7894736842105263 0.5 0.10526315789473684 0.5107339300000012 0.0844363799999992 0.404829690000001 5.013717657555428E-4 6.421858849569358E-5 2.9796378150154235E-4
0.7894736842105263 0.5 0.15789473684210525 0.43529203000000005 0.1348373900000009 0.42987058000000133 1.8157302347784898E-4 5.397895898762162E-5 9.841761446072184E-5
0.7894736842105263 0.5 0.21052631578947367 0.38631672000000017 0.18136116000000005 0.43232212000000003 1.3689779243766798E-4 3.873704345377926E-5 6.426090470515455E-5
0.7894736842105263 0.5 0.2631578947368421 0.3524296199999995 0.2234897199999996 0.4240806599999988 6.37790146550965E-5 2.780810432104902E-5 3.189212196458291E-5
0.7894736842105263 0.5 0.3157894736842105 0.33910341999999916 0.25489689999999976 0.4059996799999996 4.436422430338649E-5 2.6955316390742112E-5 2.836371389688952E-5
0.7894736842105263 0.5 0.3684210526315789 0.32866213999999916 0.2852963500000006 0.386041510000001 7.89397886208354E-5 3.987528967674958E-5 3.190450391593602E-5
0.7894736842105263 0.5 0.42105263157894735 0.3231931200000019 0.30970321999999995 0.3671036600000015 5.4336070665336744E-5 3.8823925631537026E-5 2.9167314600370142E-5
0.7894736842105263 0.5 0.47368421052631576 0.3193171699999998 0.3314359800000001 0.3492468499999993 4.219986819112287E-5 4.099471343936567E-5 2.7237876077404466E-5
0.7894736842105263 0.5 0.5263157894736842 0.32053976000000056 0.34891833999999694 0.3305419000000002 4.9629987141391885E-5 3.354124964624616E-5 2.2361114390065384E-5
0.7894736842105263 0.5 0.5789473684210527 0.3207502000000022 0.36470651999999804 0.31454328000000153 2.7905197958241756E-5 2.8100111488793544E-5 2.259531484009869E-5
0.7894736842105263 0.5 0.631578947368421 0.31947480000000117 0.38004041000000166 0.30048478999999984 4.2629740959962414E-5 3.877618802819449E-5 2.2106451657136206E-5
0.7894736842105263 0.5 0.6842105263157895 0.32280749000000014 0.3912052900000014 0.28598721999999877 3.7206582899559915E-5 3.218200101154367E-5 1.9983110671681348E-5
0.7894736842105263 0.5 0.7368421052631579 0.3222732800000013 0.4041598399999999 0.27356688000000096 2.825461603996049E-5 2.9015795173420456E-5 2.1115147064307282E-5
0.7894736842105263 0.5 0.7894736842105263 0.3260516500000017 0.4120129900000001 0.26193536000000006 4.043395727590382E-5 3.648998425789807E-5 1.7028793671117204E-5
0.7894736842105263 0.5 0.8421052631578947 0.3277898500000015 0.42117008000000117 0.251040069999999 2.6010615977262175E-5 2.1491948790280935E-5 1.7768693396508217E-5
0.7894736842105263 0.5 0.8947368421052632 0.32971073000000084 0.43016454 0.2401247299999987 3.293498586695587E-5 3.2320838588284495E-5 1.8978885427387016E-5
0.7894736842105263 0.5 0.9473684210526315 0.33114726 0.43779276999999955 0.23105997 3.896400049251125E-5 4.2325216726812886E-5 1.9989136599216084E-5
0.7894736842105263 0.5 1.0 0.33202921000000024 0.4452146499999967 0.22275613999999905 3.3821723775834256E-5 3.3054418380501494E-5 1.567384430037344E-5

0.8421052631578947 0.5 0.0 0.07160000000000277 0.0 0.9283999999998865 -5.247538514829841E-16 0.0 8.615330671091215E-14
0.8421052631578947 0.5 0.05263157894736842 0.6376308999999972 0.03652370999999984 0.32584539000000073 0.0033532630231871696 1.422955968358973E-4 0.0025595339827459568
0.8421052631578947 0.5 0.10526315789473684 0.5001645500000006 0.08696598999999995 0.4128694599999971 4.8799565030049896E-4 4.7650034319910405E-5 3.3370683331065965E-4
0.8421052631578947 0.5 0.15789473684210525 0.40931221000000034 0.14172611000000065 0.4489616800000011 1.8596766791220687E-4 3.663952526773359E-5 1.0362578957739954E-4
0.8421052631578947 0.5 0.21052631578947367 0.36226817999999966 0.18943115000000024 0.44830066999999796 1.2436932348605656E-4 4.30963586767405E-5 6.615585855268558E-5
0.8421052631578947 0.5 0.2631578947368421 0.3342535200000011 0.22894257999999904 0.4368039000000007 1.1553559960934823E-4 6.091295294368554E-5 5.913760878958896E-5
0.8421052631578947 0.5 0.3157894736842105 0.3199966200000007 0.2629408900000002 0.4170624900000019 5.973010857544814E-5 3.478751100814692E-5 3.7165489996993095E-5
0.8421052631578947 0.5 0.3684210526315789 0.308208200000001 0.29382853999999975 0.3979632599999993 6.445894675964625E-5 4.625638146840694E-5 2.833366017093719E-5
0.8421052631578947 0.5 0.42105263157894735 0.30575056000000084 0.3176620400000001 0.3765874 6.397539168681576E-5 4.7073211037390594E-5 3.404142723723025E-5
0.8421052631578947 0.5 0.47368421052631576 0.3024154100000004 0.33863539 0.35894919999999947 2.5461411532465283E-5 2.6236450546140988E-5 1.9727085358356433E-5
0.8421052631578947 0.5 0.5263157894736842 0.30187749 0.3585276000000012 0.3395949099999975 2.740984630127119E-5 2.383911223646784E-5 1.9315751090834277E-5
0.8421052631578947 0.5 0.5789473684210527 0.30095214000000087 0.37640193999999794 0.32264592000000214 3.780247142085025E-5 3.1012346235370636E-5 2.6461541352384987E-5
0.8421052631578947 0.5 0.631578947368421 0.3027176099999998 0.3891420200000016 0.3081403700000013 2.718290288949987E-5 2.7711134315350217E-5 2.0937535262902096E-5
0.8421052631578947 0.5 0.6842105263157895 0.30456698000000076 0.40144401999999857 0.2939890000000015 3.3008833679779026E-5 2.516362623822266E-5 2.004609099863497E-5
0.8421052631578947 0.5 0.7368421052631579 0.30639849000000074 0.41288156000000026 0.2807199499999992 2.923164672093137E-5 2.4227081965033648E-5 2.1797740997378523E-5
0.8421052631578947 0.5 0.7894736842105263 0.30748765000000294 0.4240735300000034 0.2684388200000016 5.4844424475813947E-5 5.576579233587675E-5 2.443600100685006E-5
0.8421052631578947 0.5 0.8421052631578947 0.31035681000000115 0.43238775000000096 0.2572554399999992 3.0250595623379506E-5 3.118240293531471E-5 1.9528350408234973E-5
0.8421052631578947 0.5 0.8947368421052632 0.31146463999999946 0.44199702999999924 0.24653832999999897 3.0932885670797994E-5 3.401425818103099E-5 1.900569981199557E-5
0.8421052631578947 0.5 0.9473684210526315 0.3155291199999995 0.44824117999999846 0.2362296999999999 4.995729002589544E-5 3.944104420819383E-5 1.6208397910118244E-5
0.8421052631578947 0.5 1.0 0.31559020000000093 0.45615840999999746 0.22825138999999867 2.4784247959153127E-5 2.7651009275042604E-5 1.8312794068262028E-5

0.8947368421052632 0.5 0.0 0.06300000000000647 0.0 0.9369999999998168 -5.689893001203927E-16 0.0 5.202505093393484E-13
0.8947368421052632 0.5 0.05263157894736842 0.8178761200000229 0.0 0.18212387999999866 8.191765713982946E-6 0.0 8.191765745985125E-6
0.8947368421052632 0.5 0.10526315789473684 0.48319057000000154 0.08856734999999986 0.42824207999999886 2.828477060754231E-4 3.411684097743249E-5 1.8545443727294164E-4
0.8947368421052632 0.5 0.15789473684210525 0.3928134000000009 0.14681933000000008 0.4603672699999978 1.8657031243662914E-4 5.28517353507868E-5 9.16911097508799E-5
0.8947368421052632 0.5 0.21052631578947367 0.33973286000000014 0.19613621000000073 0.4641309299999968 9.53942822186915E-5 5.178722583530637E-5 4.322295434225354E-5
0.8947368421052632 0.5 0.2631578947368421 0.31748457000000113 0.23465034999999954 0.44786507999999847 1.0290809891427832E-4 5.737957787711745E-5 4.937083259362596E-5
0.8947368421052632 0.5 0.3157894736842105 0.30401561999999893 0.2699631600000007 0.4260212199999991 5.115047401668682E-5 4.332949281379839E-5 3.48764337102514E-5
0.8947368421052632 0.5 0.3684210526315789 0.2914119899999996 0.3002120700000016 0.4083759400000003 7.374814124046225E-5 4.4955667315077497E-5 3.913272111477628E-5
0.8947368421052632 0.5 0.42105263157894735 0.28794223000000096 0.3248827300000019 0.3871750399999992 3.918905962684016E-5 4.174460674594149E-5 2.286919899721629E-5
0.8947368421052632 0.5 0.47368421052631576 0.28848389000000013 0.3445157999999994 0.36700031000000016 5.8489393467670014E-5 4.7755428360399255E-5 2.8938994900695736E-5
0.8947368421052632 0.5 0.5263157894736842 0.28606979999999904 0.3662274099999991 0.34770278999999865 3.789332396077205E-5 3.993657968995312E-5 2.1458369216770246E-5
0.8947368421052632 0.5 0.5789473684210527 0.28702549999999977 0.3821353100000006 0.33083919000000134 3.439246174956334E-5 3.085730219984373E-5 2.106560114305267E-5
0.8947368421052632 0.5 0.631578947368421 0.290038360000001 0.39510230999999896 0.3148593300000005 3.202690450918033E-5 3.427285366378041E-5 2.1539334950262945E-5
0.8947368421052632 0.5 0.6842105263157895 0.29101528999999926 0.4087880300000014 0.3001966800000009 3.2650151216326306E-5 3.867224171846817E-5 2.2225712977927414E-5
0.8947368421052632 0.5 0.7368421052631579 0.2901854700000001 0.4225882000000011 0.2872263300000012 2.3791449878338145E-5 2.8853086756985835E-5 2.2482415729691008E-5
0.8947368421052632 0.5 0.7894736842105263 0.2921055400000015 0.43419088000000045 0.27370358000000033 2.602259130754514E-5 2.3859770824447013E-5 2.029799718269998E-5
0.8947368421052632 0.5 0.8421052631578947 0.2956687900000002 0.44115988999999967 0.26317131999999993 2.472977293585532E-5 2.8731656187858112E-5 1.7803371458777195E-5
0.8947368421052632 0.5 0.8947368421052632 0.2971746400000005 0.4511136999999989 0.2517116600000006 2.430179287037093E-5 2.709197030958954E-5 2.1145512045045445E-5
0.8947368421052632 0.5 0.9473684210526315 0.2991493400000009 0.4581918000000001 0.24265885999999864 2.761089756511681E-5 2.604511275994259E-5 1.716874350138342E-5
0.8947368421052632 0.5 1.0 0.30063643999999873 0.4657423299999997 0.23362122999999946 2.8246812127472043E-5 3.210091317651376E-5 1.7310930287395276E-5

0.9473684210526315 0.5 0.0 0.06749999999999819 0.0 0.9325000000001668 -3.2786273695961654E-16 0.0 -1.1257661469699087E-13
0.9473684210526315 0.5 0.05263157894736842 0.5936579700000009 0.0396361099999998 0.36670591999999924 0.00247446179648092 1.1769716506789636E-4 0.0019819133429528346
0.9473684210526315 0.5 0.10526315789473684 0.45063977999999916 0.09665894000000007 0.45270127999999876 7.414104355511764E-4 9.411508807622392E-5 4.546142683616028E-4
0.9473684210526315 0.5 0.15789473684210525 0.3714684400000018 0.15139092000000037 0.4771406399999984 2.440924299627889E-4 7.72880335533771E-5 1.2755825839394497E-4
0.9473684210526315 0.5 0.21052631578947367 0.32731313000000123 0.19963011999999986 0.47305674999999786 1.3019894060291304E-4 5.1620342785344E-5 5.8846194444989175E-5
0.9473684210526315 0.5 0.2631578947368421 0.30010154999999894 0.24086678000000086 0.4590316699999997 5.612381859890214E-5 3.1238304431385755E-5 4.008771201227668E-5
0.9473684210526315 0.5 0.3157894736842105 0.2851526999999999 0.2764125900000008 0.43843471000000084 4.839145470901529E-5 3.338949449069317E-5 3.2991270214832724E-5
0.9473684210526315 0.5 0.3684210526315789 0.2779613399999998 0.30685742000000027 0.4151812400000004 5.018133740372632E-5 4.1039114944296795E-5 2.9367842062005822E-5
0.9473684210526315 0.5 0.42105263157894735 0.27357333000000034 0.33124489 0.3951817800000012 4.180135971071364E-5 3.6484697888111706E-5 2.1215120029199896E-5
0.9473684210526315 0.5 0.47368421052631576 0.27137973000000054 0.3532916599999999 0.37532860999999934 3.985207812669256E-5 3.113652444322601E-5 2.508511846471828E-5
0.9473684210526315 0.5 0.5263157894736842 0.27270118000000126 0.3718183799999999 0.3554804400000009 3.092043460627136E-5 3.0135288174221175E-5 1.807578540446997E-5
0.9473684210526315 0.5 0.5789473684210527 0.2716319700000005 0.39018864999999886 0.3381793800000014 2.9563492918771583E-5 2.9403994176085968E-5 2.4327766813811436E-5
0.9473684210526315 0.5 0.631578947368421 0.2740685399999999 0.40494764000000044 0.3209838200000012 2.6335004267574735E-5 2.5727780429085634E-5 1.9517254206888324E-5
0.9473684210526315 0.5 0.6842105263157895 0.27585849000000073 0.41779366000000023 0.3063478500000005 3.0999445919818736E-5 2.86759558028038E-5 1.8529505378631073E-5
0.9473684210526315 0.5 0.7368421052631579 0.27666882999999953 0.4325523399999986 0.29077883000000077 3.137561543037348E-5 3.253590452650945E-5 2.2279364830721238E-5
0.9473684210526315 0.5 0.7894736842105263 0.2785662800000006 0.44227988000000196 0.2791538399999992 2.653570296037855E-5 2.5017999184862028E-5 2.2852897253913818E-5
0.9473684210526315 0.5 0.8421052631578947 0.28132236000000016 0.4505590299999994 0.2681186100000007 2.7694614029238895E-5 2.8191964459411967E-5 2.1110032667998047E-5
0.9473684210526315 0.5 0.8947368421052632 0.28312973999999874 0.46063837999999974 0.25623187999999963 2.6362027532228494E-5 2.6064488979432587E-5 1.9594437666844988E-5
0.9473684210526315 0.5 0.9473684210526315 0.2852689199999998 0.4685790799999987 0.24615199999999865 2.3660146032417062E-5 2.8133020361031935E-5 1.7345694001670575E-5
0.9473684210526315 0.5 1.0 0.28545099999999984 0.47685030999999856 0.23769868999999938 2.5213416999209093E-5 2.8732689906468822E-5 2.170109928412156E-5

1.0 0.5 0.0 0.06390000000000519 0.0 0.936099999999889 -9.046582927219049E-16 0.0 5.6843418860808015E-14
1.0 0.5 0.05263157894736842 0.5697409699999979 0.040888109999999776 0.38937092000000084 0.0010176002024622766 5.6947347627892084E-5 8.03483264349758E-4
1.0 0.5 0.10526315789473684 0.44096032999999923 0.09637288999999964 0.462666779999999 3.5778676129272213E-4 5.8007484047809324E-5 2.3001556443272286E-4
1.0 0.5 0.15789473684210525 0.35840340000000054 0.1535028100000005 0.48809379000000175 2.85836212437246E-4 7.80279111036418E-5 1.6179598843377163E-4
1.0 0.5 0.21052631578947367 0.31194146999999983 0.20395608999999926 0.4841024399999965 7.529915723922254E-5 3.248356891199372E-5 3.783696204823217E-5
1.0 0.5 0.2631578947368421 0.283930479999999 0.2479108699999997 0.46815864999999834 5.600808896928655E-5 3.935282684382896E-5 3.218703518476085E-5
1.0 0.5 0.3157894736842105 0.2745078 0.2802431099999995 0.44524908999999935 4.996031715909233E-5 3.2848540527194436E-5 2.721701717275926E-5
1.0 0.5 0.3684210526315789 0.262872060000001 0.3138728800000014 0.423255060000001 4.640819935620988E-5 3.76617485049191E-5 2.981510839322743E-5
1.0 0.5 0.42105263157894735 0.26085680000000033 0.337907190000001 0.4012360100000003 3.755693976022212E-5 4.209094130257218E-5 2.5325410279330995E-5
1.0 0.5 0.47368421052631576 0.2572363400000008 0.3612250599999993 0.381538599999999 2.3762075405012184E-5 3.168241199388855E-5 2.3457712037711076E-5
1.0 0.5 0.5263157894736842 0.25931584999999907 0.37888038999999984 0.3618037599999991 4.060442977921186E-5 5.2509504444492316E-5 2.6552601861351555E-5
1.0 0.5 0.5789473684210527 0.26010237999999986 0.39685757999999854 0.343040039999996 3.1211072336292944E-5 3.625132254372887E-5 3.209546279978048E-5
1.0 0.5 0.631578947368421 0.26147620000000066 0.4123013700000001 0.32622243000000145 2.3112863560048602E-5 2.5843367122885263E-5 1.9585483894107858E-5
1.0 0.5 0.6842105263157895 0.26279829000000043 0.4262007300000002 0.3110009800000002 2.1424322076302182E-5 2.5250318466368826E-5 1.95142450399588E-5
1.0 0.5 0.7368421052631579 0.2640558600000008 0.4393183600000022 0.2966257800000001 2.562820366036611E-5 2.5763682908741536E-5 2.016368939203317E-5
1.0 0.5 0.7894736842105263 0.26625017999999834 0.4496953999999984 0.28405441999999975 3.111461796928561E-5 3.5392036841941366E-5 1.929362846254945E-5
1.0 0.5 0.8421052631578947 0.26814828999999946 0.458122459999997 0.27372925000000103 3.078406307653603E-5 4.4577769552911484E-5 1.874819743621914E-5
1.0 0.5 0.8947368421052632 0.2700483700000001 0.4680058900000004 0.2619457399999992 2.0523195342958545E-5 2.9719310313064407E-5 1.720455385348374E-5
1.0 0.5 0.9473684210526315 0.27234832000000025 0.47643269999999843 0.2512189799999997 2.704288517706155E-5 3.192009471300605E-5 1.9234297760614694E-5
1.0 0.5 1.0 0.27427329000000145 0.48359510999999933 0.24213159999999906 2.2883915574228864E-5 2.46994130860545E-5 1.883163544046107E-5

