0.0 0.5 0.0 0.3333999999999673 5.3420000000000264E-5 0.6665465799999666 3.462508058049707E-14 8.009830360000023E-8 8.009827173749429E-8
0.0 0.5 0.05263157894736842 0.9201845100000103 3.0100000000000173E-5 0.07978538999999991 0.01052985000306439 3.993598999999993E-8 0.010510646313548479
0.0 0.5 0.10526315789473684 0.9749093400000653 2.006000000000016E-5 0.02507060000000452 0.0026041628166622033 1.834159640000021E-8 0.0025957894916396945
0.0 0.5 0.15789473684210525 0.988937999999949 5.550000000000079E-5 0.01100649999999962 8.3228585801709E-4 6.222375000000087E-8 8.195911817499974E-4
0.0 0.5 0.21052631578947367 0.994772749999935 6.031999999999981E-5 0.005166929999999937 2.5263689047960725E-4 8.077149760000134E-8 2.442783913750976E-4
0.0 0.5 0.2631578947368421 0.9974368599999156 5.340000000000115E-5 0.002509739999999953 8.28859194289544E-5 5.367044000000017E-8 7.882005513239814E-5
0.0 0.5 0.3157894736842105 0.9984952499999191 5.934000000000037E-5 0.001445410000000041 3.1784758519726175E-5 7.492076440000095E-8 2.8823464931898545E-5
0.0 0.5 0.3684210526315789 0.9989332899999114 5.062000000000124E-5 0.001016089999999981 1.7264262868299518E-5 4.0977615599999975E-8 1.5642660111899902E-5
0.0 0.5 0.42105263157894735 0.9994225099999046 3.455000000000017E-5 5.429400000000097E-4 7.103780396033876E-6 5.876529749999995E-8 5.969264156399947E-6
0.0 0.5 0.47368421052631576 0.9996394599999028 5.869000000000121E-5 3.0184999999999755E-4 3.0722830079987773E-6 5.8002483900001376E-8 2.3149175774999876E-6
0.0 0.5 0.5263157894736842 0.9997021399999008 2.318000000000028E-5 2.746799999999968E-4 2.306231525195379E-6 2.1764687600000205E-8 1.891762897599909E-6
0.0 0.5 0.5789473684210527 0.9997419999999048 2.403000000000036E-5 2.3396999999999822E-4 1.4641060959164065E-6 2.1433559100000234E-8 1.1447550390999817E-6
0.0 0.5 0.631578947368421 0.9998183899999041 4.2980000000000825E-5 1.3862999999999986E-4 7.319349046852608E-7 4.470671959999954E-8 4.186307230999998E-7
0.0 0.5 0.6842105263157895 0.9998241999999042 5.4560000000000453E-5 1.212400000000006E-4 6.444984564923928E-7 5.326720639999968E-8 3.32886862400001E-7
0.0 0.5 0.7368421052631579 0.9998635099999025 3.613000000000109E-5 1.0035999999999873E-4 4.5202158116541824E-7 3.0083623099999276E-8 2.5087187039998963E-7
0.0 0.5 0.7894736842105263 0.9998521499999031 5.483000000000114E-5 9.301999999999875E-5 4.5395548076143655E-7 4.6672671099998825E-8 2.1436327960000111E-7
0.0 0.5 0.8421052631578947 0.999890749999903 3.9170000000000074E-5 7.007999999999887E-5 2.976975372881441E-7 4.509871109999961E-8 1.1289679360000132E-7
0.0 0.5 0.8947368421052632 0.9998594199999041 5.754000000000003E-5 8.304000000000122E-5 4.271813611733677E-7 7.856714840000133E-8 1.4275635840000023E-7
0.0 0.5 0.9473684210526315 0.9998950599999046 6.036000000000295E-5 4.4580000000000356E-5 2.0783369980570399E-7 5.770667040000093E-8 4.92866236000001E-8
0.0 0.5 1.0 0.9998989099999055 5.1750000000000214E-5 4.9340000000000195E-5 2.4875990611850085E-7 7.268693750000054E-8 5.6575564399999567E-8

0.05263157894736842 0.5 0.0 0.30340813999999344 9.489999999999922E-5 0.6964969600000145 1.639761437743914E-9 1.378719900000012E-7 1.6579282569040288E-7
0.05263157894736842 0.5 0.05263157894736842 0.9172441200000023 9.477999999999948E-5 0.0826611000000016 0.011368266417421613 1.8828675160000322E-7 0.011309675018789591
0.05263157894736842 0.5 0.10526315789473684 0.9719640900000193 1.258199999999987E-4 0.027910090000002493 0.003418012061434217 2.956733275999914E-7 0.003366560311192336
0.05263157894736842 0.5 0.15789473684210525 0.9874980599999469 1.2220999999999947E-4 0.012379729999999733 0.0010783933642597443 3.591557158999988E-7 0.0010449927641271034
0.05263157894736842 0.5 0.21052631578947367 0.9934599799999285 1.588499999999982E-4 0.0063811699999998615 3.9810688245556225E-4 6.042436775000124E-7 3.7055032843109496E-4
0.05263157894736842 0.5 0.2631578947368421 0.9959119699999277 1.789200000000005E-4 0.0039091099999999 1.866001577675025E-4 6.228716336000017E-7 1.663157580079027E-4
0.05263157894736842 0.5 0.3157894736842105 0.9976753899999129 1.1093000000000023E-4 0.002213679999999989 7.260991343671641E-5 3.377615350999997E-7 6.357779685759943E-5
0.05263157894736842 0.5 0.3684210526315789 0.9982714099999156 2.061399999999969E-4 0.0015224499999999706 4.284246370278577E-5 8.925403004000069E-7 3.155198699750126E-5
0.05263157894736842 0.5 0.42105263157894735 0.9987700499999118 1.6843999999999906E-4 0.00106150999999998 2.4396146088623283E-5 6.007279664000056E-7 1.7427849519899987E-5
0.05263157894736842 0.5 0.47368421052631576 0.9990168999999056 2.716600000000003E-4 7.114400000000145E-4 1.4560134486418796E-5 9.952388444000152E-7 7.98082512639998E-6
0.05263157894736842 0.5 0.5263157894736842 0.9992144199999097 2.1704999999999985E-4 5.68530000000014E-4 1.0379982154473666E-5 6.224382975000139E-7 5.983574639099918E-6
0.05263157894736842 0.5 0.5789473684210527 0.9991767299999047 2.1262999999999792E-4 6.10640000000009E-4 1.0617623606656856E-5 8.186894831000107E-7 5.574456790400052E-6
0.05263157894736842 0.5 0.631578947368421 0.9993570999999054 1.9481999999999602E-4 4.480799999999962E-4 7.425655688231281E-6 7.236431676000206E-7 3.5296263135999976E-6
0.05263157894736842 0.5 0.6842105263157895 0.9994019599999067 2.614199999999888E-4 3.3661999999999543E-4 5.043882254085474E-6 8.927715836000047E-7 1.7050529756000292E-6
0.05263157894736842 0.5 0.7368421052631579 0.9993835199999069 2.8410999999999676E-4 3.3236999999999227E-4 6.529492508455803E-6 1.3415865079000016E-6 1.9632011830999434E-6
0.05263157894736842 0.5 0.7894736842105263 0.9993732299999089 3.258499999999982E-4 3.0091999999998546E-4 5.264892460665749E-6 1.5206847775000216E-6 1.139429153600009E-6
0.05263157894736842 0.5 0.8421052631578947 0.9994854499999157 2.7518999999999157E-4 2.3935999999999866E-4 4.193933386575921E-6 1.181053463899986E-6 9.315647904000026E-7
0.05263157894736842 0.5 0.8947368421052632 0.9995480299999053 2.461999999999987E-4 2.0576999999999718E-4 3.4597642191158684E-6 1.1046475600000162E-6 6.596977071000236E-7
0.05263157894736842 0.5 0.9473684210526315 0.999572909999905 2.1537999999999996E-4 2.1171000000000303E-4 3.3087992276081835E-6 8.496774556000099E-7 8.092758759000109E-7
0.05263157894736842 0.5 1.0 0.9996347299999043 2.113699999999946E-4 1.5390000000000263E-4 2.0694409310628714E-6 6.62789723100022E-7 4.0551878999999677E-7

0.10526315789473684 0.5 0.0 0.27020512999994817 9.970999999999941E-5 0.7296951600000022 1.3387036479350911E-9 2.388989158999976E-7 2.72748499563491E-7
0.10526315789473684 0.5 0.05263157894736842 0.9108412999999873 1.7947000000000007E-4 0.08897922999999927 0.013754772940371973 7.879995191000071E-7 0.013631313275606906
0.10526315789473684 0.5 0.10526315789473684 0.9681183399999713 2.2942999999999968E-4 0.03165223000000098 0.004232890449682891 8.523748750999949E-7 0.004132598921027114
0.10526315789473684 0.5 0.15789473684210525 0.9840218200000141 4.625799999999868E-4 0.015515599999999753 0.001571197505779942 1.8139917436000474E-6 0.0014676376206399669
0.10526315789473684 0.5 0.21052631578947367 0.9905897699999284 4.460799999999937E-4 0.008964149999999765 7.610269164054495E-4 3.5254106335999755E-6 6.664024077774792E-4
0.10526315789473684 0.5 0.2631578947368421 0.9940671399999219 6.158300000000211E-4 0.0053170299999997965 3.4167985629229847E-4 4.477026411099883E-6 2.684733949791067E-4
0.10526315789473684 0.5 0.3157894736842105 0.995064299999924 8.256199999999915E-4 0.0041100799999998616 2.3369684557450476E-4 6.751183615599967E-6 1.611248003936014E-4
0.10526315789473684 0.5 0.3684210526315789 0.9965591799999199 7.223100000000351E-4 0.0027185100000000086 1.2762117179898613E-4 6.943707263900065E-6 7.539820237989566E-5
0.10526315789473684 0.5 0.42105263157894735 0.9972069599999102 7.523900000000018E-4 0.002040649999999993 9.414398964657789E-5 7.133918287899884E-6 4.958522457749965E-5
0.10526315789473684 0.5 0.47368421052631576 0.9974335399999132 7.918200000000028E-4 0.0017746400000000016 7.861328515335053E-5 7.932649087599856E-6 3.6720060870399684E-5
0.10526315789473684 0.5 0.5263157894736842 0.9980613899999127 5.896700000000054E-4 0.0013489400000000005 4.2883712353836145E-5 3.880362291099977E-6 2.1044490876399967E-5
0.10526315789473684 0.5 0.5789473684210527 0.9976285199999169 9.581200000000278E-4 0.0014133600000000104 6.410531269207542E-5 1.1569278065599672E-5 2.137592551040015E-5
0.10526315789473684 0.5 0.631578947368421 0.9976149199999131 0.0010470000000000015 0.0013380799999999694 6.692665948404564E-5 1.450441300000013E-5 1.947219591359989E-5
0.10526315789473684 0.5 0.6842105263157895 0.9980111599999122 9.468100000000115E-4 0.0010420300000000171 4.642038753954747E-5 1.070951782389978E-5 1.2582210479099757E-5
0.10526315789473684 0.5 0.7368421052631579 0.9977177999999179 0.0011608399999999968 0.0011213599999999981 5.069748324371126E-5 1.4106766494400186E-5 1.1420483750399573E-5
0.10526315789473684 0.5 0.7894736842105263 0.9981700999999175 0.00100788 8.220200000000034E-4 3.237561607605244E-5 9.779831905600067E-6 6.607609119600018E-6
0.10526315789473684 0.5 0.8421052631578947 0.9978486199999168 0.0012343599999999964 9.170200000000045E-4 4.25118121781809E-5 1.40909233903998E-5 7.699600319600068E-6
0.10526315789473684 0.5 0.8947368421052632 0.998228479999918 0.0010178100000000048 7.537099999999983E-4 3.191227696874854E-5 1.0458793803899966E-5 5.876472235899908E-6
0.10526315789473684 0.5 0.9473684210526315 0.9982430599999136 0.0010312099999999873 7.257300000000068E-4 3.2315231924262555E-5 1.1109516935899922E-5 5.599516967099965E-6
0.10526315789473684 0.5 1.0 0.998114459999927 0.001129940000000015 7.556000000000321E-4 4.0302246970158606E-5 1.5014775596400356E-5 6.192486640000101E-6

0.15789473684210525 0.5 0.0 0.23692638999998378 1.3520000000000144E-4 0.7629384099999613 1.9630576608697936E-8 3.565889599999942E-7 5.369076496730685E-7
0.15789473684210525 0.5 0.05263157894736842 0.902332179999996 2.6376999999998984E-4 0.09740405000000141 0.01583615130445304 1.4602563871000211E-6 0.015647011138597275
0.15789473684210525 0.5 0.10526315789473684 0.9631254499999768 6.073700000000058E-4 0.0362671800000039 0.005444511381342498 4.179172683099943E-6 0.00517678256884755
0.15789473684210525 0.5 0.15789473684210525 0.9818332199999491 6.820899999999986E-4 0.017484690000001475 0.0021635234204536724 6.038444231899955E-6 0.001956226376603813
0.15789473684210525 0.5 0.21052631578947367 0.9883556399999449 0.001173080000000024 0.010471279999999118 9.978856362282684E-4 1.1821955313599588E-5 7.945730771616011E-4
0.15789473684210525 0.5 0.2631578947368421 0.991009839999938 0.0014122400000000162 0.007577919999999798 6.519194812089069E-4 1.726335818240031E-5 4.5736004447357914E-4
0.15789473684210525 0.5 0.3157894736842105 0.9920200699999235 0.0018038100000000354 0.006176119999999655 5.158949042693983E-4 2.725380648390073E-5 3.066729337456207E-4
0.15789473684210525 0.5 0.3684210526315789 0.9927613599999279 0.00203372 0.005204919999999874 3.6773197300632443E-4 2.8679158961600716E-5 1.9142915979360038E-4
0.15789473684210525 0.5 0.42105263157894735 0.9929664499999286 0.0022981600000000026 0.004735389999999756 3.7109271145874256E-4 4.105523261440036E-5 1.6592730854789962E-4
0.15789473684210525 0.5 0.47368421052631576 0.9928107999999428 0.002785489999999974 0.004403709999999841 3.2285205939164285E-4 4.8257082459899513E-5 1.2176981923589941E-4
0.15789473684210525 0.5 0.5263157894736842 0.9941375899999372 0.002488449999999963 0.0033739599999998465 2.3943601002607284E-4 4.299858759750053E-5 7.973090391839686E-5
0.15789473684210525 0.5 0.5789473684210527 0.9930684099999587 0.003225250000000019 0.0037063399999999486 2.6599378507730087E-4 5.644652343749874E-5 7.780691580439677E-5
0.15789473684210525 0.5 0.631578947368421 0.993630449999946 0.0031670699999998527 0.0032024799999999676 2.578206158230234E-4 6.388037261509837E-5 6.527416584959942E-5
0.15789473684210525 0.5 0.6842105263157895 0.9942515799999275 0.0029556899999999987 0.002792730000000011 2.2556705956155998E-4 6.094817562390191E-5 5.2436310147101554E-5
0.15789473684210525 0.5 0.7368421052631579 0.993017489999949 0.00378786000000004 0.0031946499999999604 2.7047148711512037E-4 8.10668066203986E-5 5.5568570377496245E-5
0.15789473684210525 0.5 0.7894736842105263 0.9941188499999514 0.003177489999999976 0.0027036599999998583 2.0017940970018522E-4 5.7021244299899654E-5 4.3729768604400775E-5
0.15789473684210525 0.5 0.8421052631578947 0.9940204899999318 0.003502070000000024 0.0024774399999999332 2.1187411721534932E-4 7.313248071509715E-5 3.6264821046400644E-5
0.15789473684210525 0.5 0.8947368421052632 0.9942477599999373 0.0034308999999999677 0.002321339999999993 2.1503897102848057E-4 7.945950519000022E-5 3.326814660439941E-5
0.15789473684210525 0.5 0.9473684210526315 0.9937529699999459 0.0038535900000000074 0.0023934399999999746 2.5569850919593407E-4 1.0012815911190021E-4 3.60170189664002E-5
0.15789473684210525 0.5 1.0 0.9921438699999496 0.004977869999999722 0.002878259999999894 2.727257264810712E-4 1.0603961126310637E-4 3.8920933372400054E-5

0.21052631578947367 0.5 0.0 0.20810892000003237 9.38199999999992E-5 0.7917972600000617 2.3884221822534357E-9 2.3008180759999552E-7 2.7724843087995055E-7
0.21052631578947367 0.5 0.05263157894736842 0.8968917500000109 3.2782999999999093E-4 0.10278042000000004 0.01792302664693124 1.6943864910999906E-6 0.017683364402623754
0.21052631578947367 0.5 0.10526315789473684 0.961444780000026 8.409699999999963E-4 0.03771425000000238 0.0059901710806885555 6.2426884590999636E-6 0.00563310066393828
0.21052631578947367 0.5 0.15789473684210525 0.9748012299999722 0.0019395200000000292 0.023259250000002122 0.0034138328034643006 2.843399416959892E-5 0.0028283187524373596
0.21052631578947367 0.5 0.21052631578947367 0.9816935499999447 0.002597460000000009 0.015708990000001317 0.0019157234354241215 4.3773927548399716E-5 0.0013819580561798463
0.21052631578947367 0.5 0.2631578947368421 0.98253653999994 0.0038850899999999947 0.013578369999999994 0.0015964722868675452 8.13986946918984E-5 9.578428571430551E-4
0.21052631578947367 0.5 0.3157894736842105 0.9832775300000092 0.004701990000000049 0.01202047999999909 0.0012502649220463846 9.644891503989619E-5 6.531177045695754E-4
0.21052631578947367 0.5 0.3684210526315789 0.9850059200000076 0.004986369999999892 0.010007709999999156 0.0010130538709318682 1.0855356922310005E-4 4.5921264155587084E-4
0.21052631578947367 0.5 0.42105263157894735 0.9840089399999662 0.0061740599999999535 0.009816999999999621 9.540562580769851E-4 1.3549660111639576E-4 3.7173361300001236E-4
0.21052631578947367 0.5 0.47368421052631576 0.982694359999956 0.00742282000000002 0.009882819999999815 0.0010677783262060814 1.9253476324759385E-4 3.547708568475986E-4
0.21052631578947367 0.5 0.5263157894736842 0.9781283499999635 0.010388079999999664 0.011483569999999964 0.001525051355309226 3.491801399136071E-4 4.1617385505509096E-4
0.21052631578947367 0.5 0.5789473684210527 0.981002980000009 0.009401369999999439 0.009595649999999489 9.500434250727663E-4 2.2237680112310903E-4 2.5408138207751705E-4
0.21052631578947367 0.5 0.631578947368421 0.9811486899999649 0.009945940000000127 0.008905369999999871 9.882489083121726E-4 2.7059630951639955E-4 2.2567259416310435E-4
0.21052631578947367 0.5 0.6842105263157895 0.9817458199999745 0.010025359999999092 0.008228819999999287 8.46227236612207E-4 2.541548668704207E-4 1.7379550140760876E-4
0.21052631578947367 0.5 0.7368421052631579 0.9783020099999571 0.012243999999999203 0.009453989999999671 0.00120475678311327 3.862965539999913E-4 2.273714520798999E-4
0.21052631578947367 0.5 0.7894736842105263 0.9783221300000006 0.01277411000000067 0.00890375999999897 0.0010296618212687347 3.4990056470786065E-4 1.798541558624295E-4
0.21052631578947367 0.5 0.8421052631578947 0.9749790899999743 0.015315679999999148 0.009705230000000262 0.0011998544038201997 4.490256801375972E-4 1.8158712964709973E-4
0.21052631578947367 0.5 0.8947368421052632 0.9756119700000084 0.015366849999999502 0.009021179999999658 0.0011571038976840864 4.588563560774584E-4 1.5977372540760501E-4
0.21052631578947367 0.5 0.9473684210526315 0.9777806899999936 0.014203959999999759 0.008015349999999694 7.858226181660655E-4 3.1196631231839863E-4 1.0845243137751164E-4
0.21052631578947367 0.5 1.0 0.9770356599999945 0.014979779999999734 0.007984559999999688 9.428474643720097E-4 3.94145059151595E-4 1.1881454160640278E-4

0.2631578947368421 0.5 0.0 0.18222439000003732 1.6792999999999726E-4 0.8176076800000537 1.3186116878949328E-8 6.222765151000008E-7 7.980288284636927E-7
0.2631578947368421 0.5 0.05263157894736842 0.893490010000009 4.560299999999858E-4 0.10605396000000133 0.018850270025190685 3.2011436391000106E-6 0.018514964252318397
0.2631578947368421 0.5 0.10526315789473684 0.9568197399999899 0.0010381400000000031 0.042142120000000005 0.007357168634327671 1.03918553403999E-5 0.006860142239905811
0.2631578947368421 0.5 0.15789473684210525 0.9677733200000009 0.0031244199999997473 0.029102260000001767 0.004088558104202722 3.193126366360078E-5 0.0034044569008923075
0.2631578947368421 0.5 0.21052631578947367 0.9678440099999863 0.006108890000000146 0.02604710000000087 0.0031292234621730364 9.223557196790652E-5 0.0021527575375898437
0.2631578947368421 0.5 0.2631578947368421 0.9713290599999759 0.007143789999999933 0.021527150000000293 0.0025880891335182676 1.4359506343589862E-4 0.0015239941738775143
0.2631578947368421 0.5 0.3157894736842105 0.9665513200000345 0.010799820000000076 0.022648860000002165 0.002539429804197524 2.475197399675978E-4 0.0012075843727002503
0.2631578947368421 0.5 0.3684210526315789 0.959157990000007 0.015432910000000395 0.025409100000000413 0.0021696644321607117 2.655928999318671E-4 9.276727491899191E-4
0.2631578947368421 0.5 0.42105263157894735 0.9558565599999967 0.018616970000000104 0.025526469999999964 0.0023312987190096113 3.8880191301911044E-4 8.20852568339055E-4
0.2631578947368421 0.5 0.47368421052631576 0.9365739000000115 0.029564779999999687 0.03386131999999932 0.002793999686765969 5.798701795515673E-4 8.320007918576049E-4
0.2631578947368421 0.5 0.5263157894736842 0.9367935399999907 0.03146225999999929 0.031744199999999716 0.002444020380279577 6.096899936924398E-4 6.153988283600085E-4
0.2631578947368421 0.5 0.5789473684210527 0.9404631499999903 0.03104918999999996 0.02848766000000018 0.002632144303101658 7.018855573438463E-4 6.187331297243514E-4
0.2631578947368421 0.5 0.631578947368421 0.9300441500000063 0.038238690000000346 0.03171715999999982 0.002647395125756624 7.758064080839048E-4 5.625810695344079E-4
0.2631578947368421 0.5 0.6842105263157895 0.9273301000000018 0.04102721999999995 0.03164267999999992 0.002361126241979594 7.520597870715876E-4 4.5246896041756224E-4
0.2631578947368421 0.5 0.7368421052631579 0.9249318599999957 0.043960820000000254 0.031107319999999862 0.0028415721729474486 9.58962826927633E-4 5.020814064175933E-4
0.2631578947368421 0.5 0.7894736842105263 0.9202957800000054 0.048239689999999946 0.03146452999999981 0.0018382332521845735 6.454595297040351E-4 3.105455568790847E-4
0.2631578947368421 0.5 0.8421052631578947 0.8976853900000015 0.06375356999999979 0.03856104000000012 0.0017578614655582303 6.740914232551192E-4 2.5845519411835756E-4
0.2631578947368421 0.5 0.8947368421052632 0.91212567 0.055791159999999625 0.03208316999999989 0.0017486871620538968 6.752227898543847E-4 2.5311387175108203E-4
0.2631578947368421 0.5 0.9473684210526315 0.9004185699999968 0.06469020000000013 0.034891229999999954 0.0021691443201744542 9.020647759599067E-4 2.768983080870585E-4
0.2631578947368421 0.5 1.0 0.9013362699999986 0.06521940000000008 0.03344433000000044 0.0015386407895110477 6.54838129639946E-4 1.889567098510474E-4

0.3157894736842105 0.5 0.0 0.17340147000002573 1.2252999999999995E-4 0.8264760000001017 2.2682429892673106E-10 3.5903139909999976E-7 3.731717742594398E-7
0.3157894736842105 0.5 0.05263157894736842 0.884840380000006 7.019600000000085E-4 0.11445765999999986 0.02213149939146164 5.034660158399876E-6 0.0216115005693251
0.3157894736842105 0.5 0.10526315789473684 0.9461005899999837 0.0023978199999999715 0.051501590000001984 0.00948044490870692 2.7727771247600554E-5 0.008511214036472065
0.3157894736842105 0.5 0.15789473684210525 0.9480549399999822 0.007803159999999759 0.044141900000000366 0.005556932537647663 9.042782401441838E-5 0.004241555696389826
0.3157894736842105 0.5 0.21052631578947367 0.9384252100000008 0.01499481000000004 0.046579980000001 0.004637189945457032 2.1652305206390352E-4 0.0028656282071993417
0.3157894736842105 0.5 0.2631578947368421 0.9240569899999982 0.0231470600000003 0.05279595000000027 0.0037876282871239786 2.8728754535641227E-4 0.0020080624365973075
0.3157894736842105 0.5 0.3157894736842105 0.892927290000003 0.03936087000000044 0.0677118400000003 0.0031479327502549337 3.846824878430341E-4 0.0013568103118144041
0.3157894736842105 0.5 0.3684210526315789 0.8819606599999957 0.04858876999999914 0.06945057000000043 0.0028412458163804555 4.1803565488709744E-4 0.0010880851136749825
0.3157894736842105 0.5 0.42105263157894735 0.8429762099999967 0.07028542000000008 0.08673836999999891 0.0019186324710367408 3.661107774234496E-4 6.233101967430708E-4
0.3157894736842105 0.5 0.47368421052631576 0.8215308400000015 0.08610336999999926 0.0923657899999995 0.0014252816268949253 3.268420336431533E-4 3.9896357467599473E-4
0.3157894736842105 0.5 0.5263157894736842 0.8049892200000005 0.10001360999999959 0.09499717 5.076207477888728E-4 1.1046027576777466E-4 1.5407880099099075E-4
0.3157894736842105 0.5 0.5789473684210527 0.7943133800000006 0.10993914999999972 0.09574746999999934 8.556252569691392E-4 2.2778416627758716E-4 2.104783375991362E-4
0.3157894736842105 0.5 0.631578947368421 0.7881589600000014 0.11759836999999987 0.09424266999999908 6.751839337081345E-4 2.0369191434323544E-4 1.4765946027103447E-4
0.3157894736842105 0.5 0.6842105263157895 0.7918601099999995 0.11972818000000043 0.08841170999999984 6.430184478051215E-4 2.2124961788768868E-4 1.2147820987592865E-4
0.3157894736842105 0.5 0.7368421052631579 0.7649866699999999 0.14011651999999997 0.09489680999999875 4.324479072995713E-4 1.5179890508968882E-4 8.33662368240045E-5
0.3157894736842105 0.5 0.7894736842105263 0.7593647600000002 0.14704667000000032 0.09358856999999904 3.001108121372109E-4 1.1320068891056481E-4 5.586361835506308E-5
0.3157894736842105 0.5 0.8421052631578947 0.7470496899999988 0.1586271399999999 0.0943231699999998 2.4023330389510988E-4 8.449181942051659E-5 5.29388741508912E-5
0.3157894736842105 0.5 0.8947368421052632 0.7511022400000011 0.15954922000000096 0.08934853999999946 2.3055614897293797E-4 1.0019212539102637E-4 3.6797833868446386E-5
0.3157894736842105 0.5 0.9473684210526315 0.7433214700000036 0.1679505500000006 0.08872797999999965 1.4119447002658436E-4 6.697139769767241E-5 2.6150837119640058E-5
0.3157894736842105 0.5 1.0 0.7398258200000001 0.17319953999999965 0.08697463999999921 1.335914733121557E-4 6.146548778803926E-5 2.5205262870461008E-5

0.3684210526315789 0.5 0.0 0.15142714999997525 1.5766999999999648E-4 0.8484151799998996 1.3239881090781891E-8 4.202091710999878E-7 5.778496015018675E-7
0.3684210526315789 0.5 0.05263157894736842 0.8814948500000056 5.833100000000037E-4 0.11792184000000104 0.023083030204491428 5.265984443900013E-6 0.022600709585013742
0.3684210526315789 0.5 0.10526315789473684 0.924502370000004 0.006120280000000148 0.06937734999999982 0.00954232467138294 2.4457920721596722E-5 0.008647818865977343
0.3684210526315789 0.5 0.15789473684210525 0.9342072199999963 0.010582839999999528 0.05520993999999998 0.0063653268658857565 1.123308475344157E-4 0.004804020157196362
0.3684210526315789 0.5 0.21052631578947367 0.8627205799999991 0.03684672000000001 0.10043269999999979 0.004694026106474736 2.6907963524157525E-4 0.0027878079607101414
0.3684210526315789 0.5 0.2631578947368421 0.8083757099999976 0.0637895600000002 0.1278347300000002 0.0017918522370035106 1.275273070064425E-4 0.001006688838827291
0.3684210526315789 0.5 0.3157894736842105 0.7569608499999969 0.0919316099999994 0.15110754000000004 0.001279156176276719 1.7154735180787903E-4 5.400829391481593E-4
0.3684210526315789 0.5 0.3684210526315789 0.7270229600000006 0.11566327000000014 0.1573137699999998 0.0011032552228260606 1.8583901390727652E-4 4.0379987138671955E-4
0.3684210526315789 0.5 0.42105263157894735 0.7136140700000007 0.12994869000000023 0.15643724000000006 5.499083350312128E-4 1.1273755828402135E-4 1.9462888918251806E-4
0.3684210526315789 0.5 0.47368421052631576 0.6822725500000001 0.1541571800000007 0.16357027000000054 1.9537575949191144E-4 5.550705444749143E-5 6.496542512694423E-5
0.3684210526315789 0.5 0.5263157894736842 0.673720029999997 0.16674702000000083 0.15953295000000015 1.958489857947776E-4 6.472378911947727E-5 6.063059329745879E-5
0.3684210526315789 0.5 0.5789473684210527 0.6591115399999995 0.18240866999999975 0.15847979000000034 1.6229002682888183E-4 6.130766383077857E-5 4.035554655620888E-5
0.3684210526315789 0.5 0.631578947368421 0.65833812 0.18967353999999909 0.15198834000000064 1.9589594687002831E-4 6.672092386818956E-5 5.2023692044097375E-5
0.3684210526315789 0.5 0.6842105263157895 0.6487666300000001 0.20293507000000024 0.1482983000000005 1.1904888745062348E-4 4.9403977094512885E-5 3.7225257109897714E-5
0.3684210526315789 0.5 0.7368421052631579 0.6457692200000014 0.21088236999999968 0.14334840999999976 2.0196350659634765E-4 8.57581021837181E-5 4.052023547176237E-5
0.3684210526315789 0.5 0.7894736842105263 0.640678129999999 0.21962540999999997 0.13969646000000027 6.263133870709758E-5 3.792073133160323E-5 1.745325546805704E-5
0.3684210526315789 0.5 0.8421052631578947 0.63904327 0.22669691000000014 0.13425982000000083 5.187640270803984E-5 3.213009745164919E-5 1.4655317567658505E-5
0.3684210526315789 0.5 0.8947368421052632 0.6311252099999994 0.2366442200000003 0.13223057000000013 1.0271466145866937E-4 5.108899059128036E-5 2.1799312475274252E-5
0.3684210526315789 0.5 0.9473684210526315 0.6377388900000032 0.23738382 0.12487729000000021 1.2220477056551493E-4 6.721362020762484E-5 2.317779725626544E-5
0.3684210526315789 0.5 1.0 0.6311401800000006 0.245618600000001 0.12324122000000032 6.72660275690129E-5 3.516400003952119E-5 1.704293091163954E-5

0.42105263157894735 0.5 0.0 0.1405121999999984 1.3310999999999906E-4 0.8593546900000133 4.117163682898495E-9 3.977347278999913E-7 4.798200088362847E-7
0.42105263157894735 0.5 0.05263157894736842 0.8740052499999947 7.760000000000037E-4 0.125218750000001 0.025431292891482826 6.627369999999898E-6 0.02480714834143766
0.42105263157894735 0.5 0.10526315789473684 0.9221905800000093 0.0063128999999995045 0.07149651999999809 0.012246626323270893 6.92667195900031E-5 0.010513244579889735
0.42105263157894735 0.5 0.15789473684210525 0.8429867800000014 0.03404226999999972 0.12297094999999957 0.003831815585243259 4.8002484247129705E-5 0.0030930172790973286
0.42105263157894735 0.5 0.21052631578947367 0.7368474799999992 0.07634180000000007 0.18681071999999954 0.001271052095638825 6.791664475989685E-5 8.903154650817188E-4
0.42105263157894735 0.5 0.2631578947368421 0.6909085100000012 0.1044935099999992 0.20459797999999968 4.1337196057306125E-4 3.874654488008125E-5 2.889878939193319E-4
0.42105263157894735 0.5 0.3157894736842105 0.646492720000003 0.13596374000000097 0.21754353999999954 1.6429341299883937E-4 3.8173545212100146E-5 8.870492226878413E-5
0.42105263157894735 0.5 0.3684210526315789 0.6199239600000008 0.16094520000000062 0.21913084000000016 1.7542972591627626E-4 4.988353696023379E-5 7.172874889416897E-5
0.42105263157894735 0.5 0.42105263157894735 0.5999414099999979 0.18260547999999946 0.21745311000000028 1.623971342206154E-4 4.2377085969241834E-5 7.540030232768002E-5
0.42105263157894735 0.5 0.47368421052631576 0.5942377299999976 0.19678532999999976 0.2089769399999994 1.1307162145196559E-4 5.130586179090402E-5 3.032416423676826E-5
0.42105263157894735 0.5 0.5263157894736842 0.5817641400000004 0.21421882000000217 0.2040170400000002 1.3972426606329025E-4 5.0365453806808236E-5 4.6314095638530506E-5
0.42105263157894735 0.5 0.5789473684210527 0.5735417999999979 0.2283599900000004 0.1980982099999994 7.695080676417554E-5 4.103880819972261E-5 2.6720447796037272E-5
0.42105263157894735 0.5 0.631578947368421 0.5661630200000007 0.24212071999999873 0.19171626000000022 3.6157540480419303E-5 2.0408162681562203E-5 1.6488605611542084E-5
0.42105263157894735 0.5 0.6842105263157895 0.5722374599999996 0.24708811999999997 0.18067441999999997 7.93446947485732E-5 4.5693000865557054E-5 2.2959209662755387E-5
0.42105263157894735 0.5 0.7368421052631579 0.5677320799999966 0.25751194999999993 0.17475596999999984 1.0010619887695915E-4 4.737988819800143E-5 3.131985235858489E-5
0.42105263157894735 0.5 0.7894736842105263 0.5657035699999978 0.2652423700000002 0.1690540599999995 5.5602056258763355E-5 2.901303178304282E-5 2.4008149516356603E-5
0.42105263157894735 0.5 0.8421052631578947 0.5652942599999974 0.2727014599999984 0.16200428000000064 6.999654105727116E-5 3.617580186883462E-5 2.0611479681600237E-5
0.42105263157894735 0.5 0.8947368421052632 0.5645759499999987 0.27889476000000035 0.15652929000000057 5.882586059802186E-5 3.60622425410323E-5 1.58571190957274E-5
0.42105263157894735 0.5 0.9473684210526315 0.5571609900000003 0.29071696999999996 0.15212204000000026 6.415544122195804E-5 4.8426531019246655E-5 1.3174608238419178E-5
0.42105263157894735 0.5 1.0 0.5578885800000011 0.2951169100000008 0.14699450999999972 1.048507575819313E-4 7.130043505147732E-5 2.1660414859823313E-5

0.47368421052631576 0.5 0.0 0.12680000000000663 1.5510999999999802E-4 0.8730448900000152 -5.64479019082853E-15 6.448138879000137E-7 6.448137381820374E-7
0.47368421052631576 0.5 0.05263157894736842 0.8776771200000049 6.756499999999978E-4 0.12164723000000167 0.02443814495851393 5.160794077499864E-6 0.023903744078327058
0.47368421052631576 0.5 0.10526315789473684 0.8427015199999982 0.020774990000000004 0.13652348999999947 0.007435409019680983 3.2412735499901544E-5 0.006858384771219722
0.47368421052631576 0.5 0.15789473684210525 0.7448644800000009 0.05826497999999996 0.19687054000000012 0.0016494585423201258 2.565830559963546E-5 0.001520603146108239
0.47368421052631576 0.5 0.21052631578947367 0.6543365699999992 0.1006666799999999 0.2449967499999998 3.602801716443005E-4 4.304466377755278E-5 3.037912204375062E-4
0.47368421052631576 0.5 0.2631578947368421 0.5972383500000008 0.13813692999999994 0.26462472000000176 2.399467142809586E-4 3.279269517509481E-5 1.5157588492115126E-4
0.47368421052631576 0.5 0.3157894736842105 0.5544494800000027 0.17235027999999947 0.27320023999999943 1.0309157372773159E-4 3.263153792158399E-5 4.616900794224277E-5
0.47368421052631576 0.5 0.3684210526315789 0.5434704900000007 0.19424221000000053 0.2622873000000003 2.0058165815939333E-4 7.92753853152417E-5 6.333176871066437E-5
0.47368421052631576 0.5 0.42105263157894735 0.5327661400000024 0.21275616000000086 0.2544776999999988 9.663557350053642E-5 3.775347205423746E-5 4.2021840711850555E-5
0.47368421052631576 0.5 0.47368421052631576 0.5224027900000019 0.23189274999999956 0.2457044600000014 4.105357321598779E-5 2.8478754437254172E-5 1.7447244108514948E-5
0.47368421052631576 0.5 0.5263157894736842 0.5141059800000006 0.24908221999999913 0.23681179999999832 6.472987624128734E-5 3.748741987272264E-5 2.74601827605081E-5
0.47368421052631576 0.5 0.5789473684210527 0.5091185199999997 0.26387798999999945 0.2270034899999988 7.850883701054912E-5 4.6486184561031485E-5 2.417308882005781E-5
0.47368421052631576 0.5 0.631578947368421 0.5066025599999969 0.2758992100000005 0.21749823000000132 1.0952835144939499E-4 5.83759983751736E-5 3.0478671866375484E-5
0.47368421052631576 0.5 0.6842105263157895 0.5079952200000011 0.2843203600000008 0.20768442000000137 8.277454715144295E-5 3.970486346906166E-5 2.5610429263370205E-5
0.47368421052631576 0.5 0.7368421052631579 0.5073804400000024 0.2935085700000007 0.19911098999999938 5.075717140556879E-5 3.7232059555136754E-5 2.0208222219916805E-5
0.47368421052631576 0.5 0.7894736842105263 0.506255650000001 0.30263153000000076 0.19111281999999968 5.353452407624859E-5 3.424609086051522E-5 1.6841293647193445E-5
0.47368421052631576 0.5 0.8421052631578947 0.5055812600000009 0.3108316599999993 0.18358707999999957 5.58345388111392E-5 3.937863964527388E-5 1.7652325073024E-5
0.47368421052631576 0.5 0.8947368421052632 0.5079402299999994 0.3156192400000013 0.17644053000000037 7.463229054893716E-5 4.553711782148695E-5 2.175391031837906E-5
0.47368421052631576 0.5 0.9473684210526315 0.5059530299999994 0.32309638000000085 0.17095058999999982 3.847847682031391E-5 3.181371889504625E-5 1.1566173651538642E-5
0.47368421052631576 0.5 1.0 0.5078824500000003 0.32825091000000073 0.16386664000000017 6.185486899706882E-5 3.7284153170460965E-5 1.4766571110595705E-5

0.5263157894736842 0.5 0.0 0.10240602999998669 1.5430000000000036E-4 0.8974396700001936 1.2446415200567662E-9 5.487095100000026E-7 6.000629702018756E-7
0.5263157894736842 0.5 0.05263157894736842 0.869171790000017 0.00118550999999999 0.1296426999999937 0.02710385604316956 8.793079039899948E-6 0.026292887426711018
0.5263157894736842 0.5 0.10526315789473684 0.8005260300000036 0.029745119999999983 0.16972884999999988 0.00611181379543102 9.260485618559446E-5 0.005748042024677536
0.5263157894736842 0.5 0.15789473684210525 0.6483410199999995 0.08169273999999925 0.26996623999999997 6.212728553565139E-4 3.129954529257264E-5 6.310814662626174E-4
0.5263157894736842 0.5 0.21052631578947367 0.5737294300000003 0.12626091000000064 0.3000096600000018 2.3801075487733803E-4 3.346669297185634E-5 1.7762970468322703E-4
0.5263157894736842 0.5 0.2631578947368421 0.5278279900000015 0.16259592000000067 0.3095760899999998 7.476017556168335E-5 3.209804935373761E-5 4.25256093125187E-5
0.5263157894736842 0.5 0.3157894736842105 0.4967750399999993 0.1950227899999989 0.30820217000000116 9.130324899722653E-5 2.9692241615975057E-5 5.199228429160485E-5
0.5263157894736842 0.5 0.3684210526315789 0.488168620000001 0.21686409999999948 0.2949672800000003 1.1115301729228144E-4 4.898463919070922E-5 4.116860140172818E-5
0.5263157894736842 0.5 0.42105263157894735 0.47292099999999954 0.24119011999999976 0.2858888800000009 6.461289300457862E-5 3.066160638593579E-5 3.304523434427553E-5
0.5263157894736842 0.5 0.47368421052631576 0.46986655999999893 0.2567296099999993 0.2734038299999995 6.218498376939219E-5 3.799374824897672E-5 3.175081033116034E-5
0.5263157894736842 0.5 0.5263157894736842 0.46276233999999883 0.27588907000000024 0.26134859000000027 4.331527572914995E-5 2.8325715534405216E-5 1.9620992012955862E-5
0.5263157894736842 0.5 0.5789473684210527 0.46115231999999934 0.28950239 0.24934528999999983 7.102581462103963E-5 3.9443613288045465E-5 2.7668189816788813E-5
0.5263157894736842 0.5 0.631578947368421 0.46103265999999843 0.30087371999999957 0.23809361999999895 5.0590471328271214E-5 3.2492475362605466E-5 1.6900981295843442E-5
0.5263157894736842 0.5 0.6842105263157895 0.46324128999999903 0.3097573300000006 0.22700137999999925 6.032987013906976E-5 4.2685456271951416E-5 1.9167570095575404E-5
0.5263157894736842 0.5 0.7368421052631579 0.4608427099999994 0.3207787500000011 0.2183785400000007 3.814472085797438E-5 2.5235225437347797E-5 1.5271369468286555E-5
0.5263157894736842 0.5 0.7894736842105263 0.4635001200000002 0.32767896000000085 0.2088209200000003 4.892504598824621E-5 4.005517531764646E-5 1.871225835373136E-5
0.5263157894736842 0.5 0.8421052631578947 0.46228083999999997 0.33757315999999943 0.20014599999999977 5.600474289838009E-5 4.669959361383591E-5 2.2346984000075343E-5
0.5263157894736842 0.5 0.8947368421052632 0.4586592499999996 0.3477410399999982 0.19359971000000026 3.8974342439879184E-5 3.034345971879293E-5 1.5071986915152213E-5
0.5263157894736842 0.5 0.9473684210526315 0.4624882899999981 0.3511493600000011 0.18636235000000137 5.5278909879774574E-5 4.5898939588298604E-5 1.8600045476060978E-5
0.5263157894736842 0.5 1.0 0.46450439999999954 0.35637655999999923 0.17911903999999904 3.7456900645049807E-5 2.766002256573974E-5 1.4313011478001014E-5

0.5789473684210527 0.5 0.0 0.10330351000001846 1.6616999999999647E-4 0.8965303200001306 3.3867631095418904E-10 5.430765311000236E-7 5.66906539378742E-7
0.5789473684210527 0.5 0.05263157894736842 0.8684510399999934 9.27910000000032E-4 0.13062104999999655 0.027528922532934708 9.108814031899508E-6 0.026760104827899395
0.5789473684210527 0.5 0.10526315789473684 0.6973965500000004 0.04892455000000009 0.2536789 0.003788584937092665 1.6714318029748074E-4 0.003461506886790519
0.5789473684210527 0.5 0.15789473684210525 0.5845217199999991 0.09791264999999948 0.3175656300000016 6.791955542468919E-4 6.561308697748854E-5 5.727131957010967E-4
0.5789473684210527 0.5 0.21052631578947367 0.5168467800000028 0.14240722000000047 0.3407459999999985 2.3020312563026835E-4 6.638414387150765E-5 1.2650875400081751E-4
0.5789473684210527 0.5 0.2631578947368421 0.4832279699999984 0.17723513999999865 0.3395368899999993 1.0099305468250219E-4 3.736776718031576E-5 5.1721318127015414E-5
0.5789473684210527 0.5 0.3157894736842105 0.45660297999999916 0.20963280000000006 0.33376421999999945 1.4728614312337074E-4 5.358570215987374E-5 6.601983379130039E-5
0.5789473684210527 0.5 0.3684210526315789 0.44348209999999916 0.2353036299999997 0.32121427000000147 1.310338635903685E-4 5.2086567822934304E-5 5.287008936667725E-5
0.5789473684210527 0.5 0.42105263157894735 0.4332582100000006 0.2582141699999992 0.30852762000000133 5.1696564593112226E-5 3.114132021261873E-5 2.074157913541097E-5
0.5789473684210527 0.5 0.47368421052631576 0.42859467000000145 0.27748984 0.2939154900000005 8.440643058951758E-5 4.6081410774154175E-5 3.679216905948246E-5
0.5789473684210527 0.5 0.5263157894736842 0.42251552000000053 0.2961052700000007 0.28137920999999927 6.534909312835846E-5 4.199752922662281E-5 3.379508877450477E-5
0.5789473684210527 0.5 0.5789473684210527 0.4222226500000017 0.31015785999999934 0.2676194900000004 5.484678397518761E-5 4.033393022130627E-5 1.8924969139744174E-5
0.5789473684210527 0.5 0.631578947368421 0.42418932000000303 0.3212353400000012 0.2545753400000004 5.844576393371215E-5 3.667071708450542E-5 2.361274988552098E-5
0.5789473684210527 0.5 0.6842105263157895 0.42367406000000096 0.33304816000000037 0.2432777799999993 3.897253511445098E-5 2.9315834613533043E-5 1.877535827229243E-5
0.5789473684210527 0.5 0.7368421052631579 0.42355436999999824 0.343632109999999 0.23281352000000038 3.8142014903208565E-5 3.1228731947885446E-5 2.065212320902926E-5
0.5789473684210527 0.5 0.7894736842105263 0.42376185000000066 0.3532284499999994 0.22300969999999992 3.7591975574707837E-5 2.717856559737719E-5 1.9285929909428068E-5
0.5789473684210527 0.5 0.8421052631578947 0.42436143 0.3616211099999992 0.21401746000000085 3.7680371352738495E-5 3.078759336558323E-5 1.996302514824938E-5
0.5789473684210527 0.5 0.8947368421052632 0.4260986900000017 0.3681823100000008 0.20571899999999962 4.321364728118726E-5 3.5441656060369864E-5 2.3118571000409205E-5
0.5789473684210527 0.5 0.9473684210526315 0.42617767000000095 0.3756507799999998 0.19817155000000025 5.950512436894706E-5 5.1260421389281996E-5 1.75872255972348E-5
0.5789473684210527 0.5 1.0 0.4306350600000018 0.3791929599999989 0.19017198000000102 5.5407022793274585E-5 4.735779843687005E-5 1.5306560878627917E-5

0.631578947368421 0.5 0.0 0.09469999999998463 1.4248000000000022E-4 0.9051575200000951 2.1024848528838902E-15 4.518094496000021E-7 4.518093015271063E-7
0.631578947368421 0.5 0.05263157894736842 0.866895800000002 0.001134999999999987 0.13196919999999762 0.02910856058238631 9.301439000000148E-6 0.028235454863361292
0.631578947368421 0.5 0.10526315789473684 0.6222574800000028 0.061731110000000464 0.3160114099999981 0.0019125313080510797 1.2955392516785652E-4 0.001796347358812997
0.631578947368421 0.5 0.15789473684210525 0.534836690000002 0.11037547999999989 0.35478782999999914 4.260002708437183E-4 9.090220476969113E-5 3.3305146089002147E-4
0.631578947368421 0.5 0.21052631578947367 0.4760026900000006 0.15485597000000093 0.36914133999999876 1.3106905176696326E-4 4.708315235862556E-5 5.919763300174519E-5
0.631578947368421 0.5 0.2631578947368421 0.4415412299999991 0.19147449999999863 0.3669842699999993 1.3092068308767635E-4 5.2691681749823804E-5 7.315336956414953E-5
0.631578947368421 0.5 0.3157894736842105 0.4217750100000005 0.22342401999999953 0.35480096999999927 6.231962049663142E-5 3.7471643039937996E-5 2.552607205846824E-5
0.631578947368421 0.5 0.3684210526315789 0.40566903999999915 0.2520952699999989 0.34223568999999865 8.507625747761205E-5 3.269377662903916E-5 3.481848922361197E-5
0.631578947368421 0.5 0.42105263157894735 0.3917882800000001 0.2787225799999999 0.3294891400000015 5.5371698638978506E-5 3.8661838142731164E-5 2.952818805961044E-5
0.631578947368421 0.5 0.47368421052631576 0.39269895000000055 0.2961479400000007 0.3111531100000019 6.609628189357952E-5 3.442492575607414E-5 3.13102523272768E-5
0.631578947368421 0.5 0.5263157894736842 0.3910886500000005 0.31319729000000096 0.295714059999999 6.095675217490659E-5 3.473786365558451E-5 2.3909060318266784E-5
0.631578947368421 0.5 0.5789473684210527 0.3888305400000014 0.3275575100000002 0.28361194999999945 5.357250130563762E-5 4.142424359974972E-5 2.6503406196295987E-5
0.631578947368421 0.5 0.631578947368421 0.3886505999999995 0.34218298999999797 0.2691664100000006 4.192317163748127E-5 2.6825651660650207E-5 2.3829588711013483E-5
0.631578947368421 0.5 0.6842105263157895 0.3915858500000022 0.3517511099999982 0.25666303999999984 5.4916072773386615E-5 4.0676074768430937E-5 2.065125795940037E-5
0.631578947368421 0.5 0.7368421052631579 0.3943160900000005 0.36087771999999924 0.24480618999999954 4.597707210954316E-5 2.9087919599990464E-5 2.3448246684452945E-5
0.631578947368421 0.5 0.7894736842105263 0.39303774999999963 0.37261616999999897 0.23434607999999985 3.470110593639664E-5 3.443506952913178E-5 1.860856063366778E-5
0.631578947368421 0.5 0.8421052631578947 0.3948165600000007 0.38025049 0.22493294999999927 3.6053443764699766E-5 3.355974175675569E-5 1.5331943297218487E-5
0.631578947368421 0.5 0.8947368421052632 0.39502184000000107 0.38850173000000066 0.2164764300000015 3.7324593012644236E-5 3.3975364003291375E-5 1.3827001454400079E-5
0.631578947368421 0.5 0.9473684210526315 0.39712536000000054 0.39464693000000006 0.20822770999999995 3.967920086844767E-5 3.3167272574075035E-5 1.867885315597062E-5
0.631578947368421 0.5 1.0 0.39866254999999917 0.40075469000000047 0.2005827600000003 4.699769649635366E-5 4.065131800176647E-5 1.9160212782400043E-5

0.6842105263157895 0.5 0.0 0.08610187000001154 7.648000000000138E-5 0.9138216500001713 3.0950227884046777E-10 1.8752880960000093E-7 2.0105182740870475E-7
0.6842105263157895 0.5 0.05263157894736842 0.8318651499999973 0.0046845200000000375 0.16345032999999928 0.02577817122650028 9.308402369599353E-6 0.02538126322789053
0.6842105263157895 0.5 0.10526315789473684 0.5963029499999988 0.06661616999999989 0.33708087999999786 0.0025594172383018865 1.8353865953109165E-4 0.0022023090384260674
0.6842105263157895 0.5 0.15789473684210525 0.5081830600000026 0.11675129000000047 0.37506564999999975 6.224671950355587E-4 1.323281163358829E-4 4.060436130767786E-4
0.6842105263157895 0.5 0.21052631578947367 0.445847859999999 0.16382293000000084 0.3903292100000002 2.0384674341974995E-4 3.310948921498441E-5 1.2168428177286583E-4
0.6842105263157895 0.5 0.2631578947368421 0.40707062000000077 0.20467446000000022 0.3882549199999985 2.2157908681474936E-4 6.272439770840799E-5 9.623360379207302E-5
0.6842105263157895 0.5 0.3157894736842105 0.38659860000000096 0.23766750999999883 0.37573388999999946 7.655468403594545E-5 5.059572940052659E-5 4.531642446498063E-5
0.6842105263157895 0.5 0.3684210526315789 0.375354430000001 0.26452004999999884 0.3601255199999992 9.731486836955794E-5 3.3590512998823985E-5 4.6981140727986315E-5
0.6842105263157895 0.5 0.42105263157894735 0.3710638199999989 0.2872894400000003 0.3416467399999997 4.925542900688362E-5 2.7838860486129047E-5 2.8126423371313547E-5
0.6842105263157895 0.5 0.47368421052631576 0.365976119999998 0.30877267999999924 0.3252512000000012 5.867964774500245E-5 3.441370361792484E-5 2.6014408559565938E-5
0.6842105263157895 0.5 0.5263157894736842 0.3643256399999994 0.3261044100000018 0.3095699500000004 5.754550858880214E-5 4.732052755150595E-5 2.3590321997515873E-5
0.6842105263157895 0.5 0.5789473684210527 0.3624776900000016 0.34193574000000054 0.2955865700000001 4.7002989259248285E-5 3.831137665130657E-5 2.5926076635873763E-5
0.6842105263157895 0.5 0.631578947368421 0.36520087999999984 0.3537164799999996 0.2810826400000008 4.107104322362276E-5 3.3744670408619726E-5 1.776909262865556E-5
0.6842105263157895 0.5 0.6842105263157895 0.3634270899999987 0.36805643999999804 0.26851647000000095 3.572256512990313E-5 3.912469652450623E-5 2.5146951737692325E-5
0.6842105263157895 0.5 0.7368421052631579 0.3672870300000001 0.37687350999999947 0.25583946 5.376355677608191E-5 3.9536541277557236E-5 2.4497826909414266E-5
0.6842105263157895 0.5 0.7894736842105263 0.3679908100000004 0.38676614 0.24524304999999944 2.7087618541116187E-5 2.8053897498270253E-5 1.995440969863871E-5
0.6842105263157895 0.5 0.8421052631578947 0.3690778900000008 0.39593414999999865 0.23498795999999958 3.5610822144371834E-5 2.9289062777659858E-5 1.7601691038655887E-5
0.6842105263157895 0.5 0.8947368421052632 0.369824289999999 0.4046273900000007 0.22554831999999977 4.508147299339682E-5 3.760102678673771E-5 1.998248117720397E-5
0.6842105263157895 0.5 0.9473684210526315 0.37355306999999954 0.4101710400000013 0.21627589000000005 3.925685457301098E-5 3.698858331652177E-5 1.5188537707967742E-5
0.6842105263157895 0.5 1.0 0.37416492 0.41688263000000014 0.20895244999999973 3.888135139065718E-5 3.404824128178108E-5 1.4428711997895027E-5

0.7368421052631579 0.5 0.0 0.08129999999999403 9.709999999999928E-5 0.9186028999999433 -6.635317295611287E-16 2.753055899999973E-7 2.7530553248222844E-7
0.7368421052631579 0.5 0.05263157894736842 0.8567689799999926 0.0012063799999999947 0.14202464000000029 0.031091252089778254 1.101829129560016E-5 0.030116224438869677
0.7368421052631579 0.5 0.10526315789473684 0.5515060000000035 0.07593645999999937 0.3725575400000013 0.001830091391996802 1.4322478266850461E-4 0.0015421073551459552
0.7368421052631579 0.5 0.15789473684210525 0.4574138200000002 0.1295892900000003 0.4129968900000005 4.6657071700967334E-4 1.3177073029592076E-4 3.276976373258744E-4
0.7368421052631579 0.5 0.21052631578947367 0.4070377000000009 0.17476588000000057 0.4181964200000008 2.1346494870808086E-4 7.18796578247187E-5 1.2207397718178026E-4
0.7368421052631579 0.5 0.2631578947368421 0.3801044100000019 0.21259377000000168 0.40730182000000087 1.1774649554835426E-4 5.56761181865692E-5 5.112544868557389E-5
0.7368421052631579 0.5 0.3157894736842105 0.3637542300000007 0.24568156000000008 0.3905642099999999 7.69673621052458E-5 3.651283396649552E-5 4.479282807406948E-5
0.7368421052631579 0.5 0.3684210526315789 0.35149498999999995 0.2745824999999997 0.3739225100000009 6.917634989896115E-5 5.696570375009202E-5 3.536794829583911E-5
0.7368421052631579 0.5 0.42105263157894735 0.34466476999999834 0.2993958600000003 0.3559393699999996 5.113829184656693E-5 4.294020486106387E-5 3.093805300230512E-5
0.7368421052631579 0.5 0.47368421052631576 0.34172556999999953 0.3203828600000011 0.3378915699999999 3.941554117350976E-5 3.182136222025511E-5 2.714574193488084E-5
0.7368421052631579 0.5 0.5263157894736842 0.33909613999999955 0.3389644499999998 0.3219394100000005 4.4013427100572655E-5 3.445080319727789E-5 2.7242851852030125E-5
0.7368421052631579 0.5 0.5789473684210527 0.34011216000000033 0.35487263999999963 0.3050152000000005 6.570766013389018E-5 5.1952051429660084E-5 2.4446052961785147E-5
0.7368421052631579 0.5 0.631578947368421 0.3422111299999974 0.36702348000000046 0.2907653900000002 5.106869912388512E-5 4.748068468674038E-5 2.768059914733112E-5
0.7368421052631579 0.5 0.6842105263157895 0.3412031699999982 0.38167190000000084 0.27712493000000005 3.4458142950777315E-5 3.3645422386652246E-5 1.2868191494680437E-5
0.7368421052631579 0.5 0.7368421052631579 0.34345724999999866 0.3905738599999988 0.2659688899999999 3.645508143727827E-5 3.2229786700394E-5 1.703301316777206E-5
0.7368421052631579 0.5 0.7894736842105263 0.34571294000000086 0.4002662100000001 0.2540208500000005 3.540447655467349E-5 3.0397439235385626E-5 1.7900642277829393E-5
0.7368421052631579 0.5 0.8421052631578947 0.34631580999999867 0.4105976399999992 0.24308655000000035 4.8892455043816896E-5 4.3353870430584696E-5 1.651029609747723E-5
0.7368421052631579 0.5 0.8947368421052632 0.3483555299999992 0.41833501999999895 0.23330944999999986 2.697994941995574E-5 2.473810359918116E-5 1.5184541697646492E-5
0.7368421052631579 0.5 0.9473684210526315 0.35140701 0.42419140000000155 0.2244015899999991 2.5459507859607045E-5 3.248935203725711E-5 1.6332540471598878E-5
0.7368421052631579 0.5 1.0 0.3530935000000018 0.43100217000000135 0.21590433000000026 3.624122574717725E-5 3.322053228993482E-5 1.8414646250887456E-5

0.7894736842105263 0.5 0.0 0.07399999999999937 1.285199999999986E-4 0.9258714799999844 2.5413698923060224E-16 3.689766096000007E-7 3.6897676369829213E-7
0.7894736842105263 0.5 0.05263157894736842 0.7356679999999975 0.02051151000000011 0.2438204900000002 0.024678707202005712 4.3282001651990507E-4 0.02265861719315964
0.7894736842105263 0.5 0.10526315789473684 0.5406645299999987 0.07654104999999949 0.38279442000000113 0.002349756554881177 2.463938158975094E-4 0.0018642052128617914
0.7894736842105263 0.5 0.15789473684210525 0.4388196800000038 0.13400075000000022 0.4271795699999996 4.6175711869239633E-4 9.819570043745687E-5 2.6688675361521974E-4
0.7894736842105263 0.5 0.21052631578947367 0.3864058299999992 0.1809823899999994 0.43261178000000206 7.154361100961126E-5 2.9152028887452497E-5 3.709031123141915E-5
0.7894736842105263 0.5 0.2631578947368421 0.35393153000000066 0.22255626999999947 0.42351220000000017 1.0077889485612945E-4 4.2086200687199704E-5 5.249108915855727E-5
0.7894736842105263 0.5 0.3157894736842105 0.3356959699999981 0.25710833000000016 0.40719570000000177 4.3462486760389996E-5 3.002602561208434E-5 2.173428750770756E-5
0.7894736842105263 0.5 0.3684210526315789 0.3247476600000017 0.28693731999999883 0.38831501999999835 6.298696052368935E-5 3.47208432171231E-5 3.153282839976623E-5
0.7894736842105263 0.5 0.42105263157894735 0.32303896000000115 0.31092601000000053 0.36603502999999926 3.747736411785496E-5 3.5395892480541424E-5 3.058763989713387E-5
0.7894736842105263 0.5 0.47368421052631576 0.3177019300000007 0.3332949899999991 0.34900307999999924 5.296239727430041E-5 3.912344189954675E-5 2.9897574513187974E-5
0.7894736842105263 0.5 0.5263157894736842 0.320432660000001 0.34907875999999893 0.33048857999999964 4.2252521324198655E-5 3.289607686239593E-5 2.430710958446769E-5
0.7894736842105263 0.5 0.5789473684210527 0.3195659800000025 0.36547049999999937 0.31496352000000016 2.8484632637867935E-5 3.261491174844089E-5 2.200239320904185E-5
0.7894736842105263 0.5 0.631578947368421 0.31962609000000225 0.3790324099999988 0.30134150000000043 3.0267368310410436E-5 2.868521259022372E-5 2.3106979750178724E-5
0.7894736842105263 0.5 0.6842105263157895 0.32311253000000156 0.39113675000000053 0.2857507199999994 3.344390599850644E-5 3.2133122434663264E-5 2.0931147481542678E-5
0.7894736842105263 0.5 0.7368421052631579 0.3236672700000011 0.4027072099999999 0.27362551999999984 3.359720974707714E-5 2.968517101492596E-5 2.467225072919077E-5
0.7894736842105263 0.5 0.7894736842105263 0.32455588000000024 0.4131347500000008 0.2623093700000003 2.7242339425817552E-5 2.5833979436618026E-5 1.6371479203344808E-5
0.7894736842105263 0.5 0.8421052631578947 0.32614529000000014 0.4234297599999999 0.2504249500000007 2.6516969816064995E-5 2.9168244340210814E-5 2.2201926498016666E-5
0.7894736842105263 0.5 0.8947368421052632 0.3298934999999993 0.42948467000000007 0.24062182999999987 3.336668975074952E-5 3.8985079990033755E-5 2.418413445109263E-5
0.7894736842105263 0.5 0.9473684210526315 0.33151006999999866 0.43751693999999963 0.23097299000000002 2.807465359543071E-5 3.308451103642418E-5 1.8229963459730214E-5
0.7894736842105263 0.5 1.0 0.3318163799999968 0.4461406899999993 0.2220429299999994 2.5846881697155766E-5 3.136345732485113E-5 2.208335401507333E-5

0.8421052631578947 0.5 0.0 0.06709999999999573 8.640000000000019E-5 0.9328136000001649 3.694961003830599E-16 2.4735103999999816E-7 2.47350648963085E-7
0.8421052631578947 0.5 0.05263157894736842 0.7069272599999998 0.02356715999999992 0.26950558000000047 0.020122814156888047 3.6952360553441717E-4 0.01864895127886193
0.8421052631578947 0.5 0.10526315789473684 0.5074268600000011 0.08364133000000003 0.4089318100000017 0.002631571524538745 3.162552388310197E-4 0.0020560928051227834
0.8421052631578947 0.5 0.15789473684210525 0.42160996000000334 0.13702824000000072 0.4413618000000005 3.9335798479459005E-4 1.0482787650216083E-4 2.3603730076116047E-4
0.8421052631578947 0.5 0.21052631578947367 0.36158034999999883 0.18991143999999965 0.4485082099999986 1.8604572087668747E-4 5.7675457126121765E-5 1.0283732959764924E-4
0.8421052631578947 0.5 0.2631578947368421 0.33782588000000036 0.2282381699999996 0.43393594999999985 5.2460904224782556E-5 2.5945530050412724E-5 3.07989225977745E-5
0.8421052631578947 0.5 0.3157894736842105 0.3176877100000011 0.2642516200000013 0.4180606700000002 5.4409201955304964E-5 3.338252737529468E-5 2.4100452149455887E-5
0.8421052631578947 0.5 0.3684210526315789 0.3084938000000013 0.293789739999999 0.39771645999999966 4.4670855560244305E-5 3.4824824732812565E-5 3.7547773067858614E-5
0.8421052631578947 0.5 0.42105263157894735 0.3059638200000012 0.3167382300000005 0.37729794999999977 4.2183095007697347E-5 3.80628634662622E-5 3.1959892794808376E-5
0.8421052631578947 0.5 0.47368421052631576 0.3013942799999996 0.34021312999999936 0.35839258999999835 2.6555569283423508E-5 2.5126424602256447E-5 2.7678972090744436E-5
0.8421052631578947 0.5 0.5263157894736842 0.3035233500000018 0.35700226999999984 0.33947437999999847 3.828306777767243E-5 2.9519481846512763E-5 2.525072961491459E-5
0.8421052631578947 0.5 0.5789473684210527 0.30362488000000176 0.37287250999999927 0.32350261000000097 3.5435844985443055E-5 2.8767571296717254E-5 2.553360418729167E-5
0.8421052631578947 0.5 0.631578947368421 0.30364515000000003 0.3887283199999998 0.3076265300000002 3.5907140478089183E-5 3.6268149976176334E-5 2.626474515958488E-5
0.8421052631578947 0.5 0.6842105263157895 0.3061254899999986 0.4008873600000006 0.29298715 3.564861326171842E-5 3.1951100228744256E-5 2.267703987739178E-5
0.8421052631578947 0.5 0.7368421052631579 0.30631391999999963 0.41364203000000016 0.28004404999999966 3.0845566235060407E-5 2.9806970478662986E-5 1.7767954596417668E-5
0.8421052631578947 0.5 0.7894736842105263 0.30700715000000056 0.42495970000000055 0.26803314999999966 3.0095621877765377E-5 3.152756990759675E-5 1.9780140077557684E-5
0.8421052631578947 0.5 0.8421052631578947 0.31110168000000066 0.43294632000000094 0.25595199999999896 3.254539917763033E-5 4.1193352454726995E-5 1.7680010001366875E-5
0.8421052631578947 0.5 0.8947368421052632 0.3135867600000006 0.4410334199999999 0.24537982000000022 2.569773670102471E-5 2.4275351104247056E-5 1.8040006767243433E-5
0.8421052631578947 0.5 0.9473684210526315 0.3122758200000004 0.44997710999999846 0.2377470699999987 3.005392732703671E-5 2.780638904928412E-5 1.8540613415440887E-5
0.8421052631578947 0.5 1.0 0.3164612100000002 0.4548585599999993 0.22868022999999962 1.9259596335391427E-5 1.912490472671946E-5 1.580966214711349E-5

0.8947368421052632 0.5 0.0 0.07100000000000653 1.1783999999999886E-4 0.9288821599998042 -1.057313958607864E-15 3.5032373439999217E-7 3.503240121327522E-7
0.8947368421052632 0.5 0.05263157894736842 0.6379805899999982 0.027434910000000055 0.33458450000000073 0.021493412182254534 5.85110452291893E-4 0.019173556895749927
0.8947368421052632 0.5 0.10526315789473684 0.47658400000000034 0.08933765999999985 0.43407833999999784 0.001709595302002903 2.7172959572432064E-4 0.001288210906843834
0.8947368421052632 0.5 0.15789473684210525 0.3886837499999999 0.14595502999999982 0.4653612200000009 2.1155662093541583E-4 5.917528669894395E-5 1.4747920211310994E-4
0.8947368421052632 0.5 0.21052631578947367 0.34219860999999974 0.19600611000000095 0.4617952799999988 1.1302304706785338E-4 5.26314876677092E-5 5.174540372571146E-5
0.8947368421052632 0.5 0.2631578947368421 0.3177952100000013 0.23485169999999989 0.4473530899999976 1.0903786805499527E-4 4.3135051109394196E-5 5.1175274454140496E-5
0.8947368421052632 0.5 0.3157894736842105 0.3011143100000017 0.27053563000000097 0.4283500600000017 5.539734022354248E-5 2.816493150191446E-5 2.9668041992614302E-5
0.8947368421052632 0.5 0.3684210526315789 0.2931092099999991 0.2997158100000021 0.40717498000000113 3.3764694176346977E-5 3.213349704254964E-5 2.461666399802831E-5
0.8947368421052632 0.5 0.42105263157894735 0.2875348000000009 0.3259012499999995 0.3865639500000015 5.550128695855361E-5 5.344028143715318E-5 4.12732953926076E-5
0.8947368421052632 0.5 0.47368421052631576 0.2856351199999986 0.3473387099999995 0.36702617000000093 3.613537858508653E-5 3.592149453542082E-5 3.4414594128034937E-5
0.8947368421052632 0.5 0.5263157894736842 0.28636188000000035 0.3661110399999989 0.3475270799999975 2.879451886449169E-5 2.5646052115718687E-5 2.201678667594631E-5
0.8947368421052632 0.5 0.5789473684210527 0.28739329000000063 0.38116602000000005 0.33144068999999987 3.913278597507397E-5 3.938976735715083E-5 2.1546895323298898E-5
0.8947368421052632 0.5 0.631578947368421 0.2885152399999997 0.39801881000000044 0.3134659500000006 3.386309174202573E-5 3.941944918364748E-5 1.8781777596857396E-5
0.8947368421052632 0.5 0.6842105263157895 0.28949689000000073 0.41093681000000154 0.2995662999999993 2.9252895327069872E-5 3.694489402158996E-5 1.9940746310800894E-5
0.8947368421052632 0.5 0.7368421052631579 0.2909886299999997 0.4225950400000001 0.28641632999999983 3.537182172305697E-5 3.719164939700037E-5 2.2690430330929434E-5
0.8947368421052632 0.5 0.7894736842105263 0.29285381000000077 0.4329060600000015 0.27424012999999975 3.73148834830056E-5 3.9268973275857766E-5 2.7155356582528323E-5
0.8947368421052632 0.5 0.8421052631578947 0.29395807000000035 0.4434173999999994 0.2626245299999996 3.558028887508391E-5 4.040682324032985E-5 2.045218927999859E-5
0.8947368421052632 0.5 0.8947368421052632 0.29601903000000007 0.45142960999999954 0.2525513599999995 3.165451085956894E-5 3.253954824813943E-5 1.5312948151727235E-5
0.8947368421052632 0.5 0.9473684210526315 0.29834983999999926 0.4590483899999988 0.24260176999999922 2.6482851975220822E-5 2.498346341101021E-5 1.838709586712145E-5
0.8947368421052632 0.5 1.0 0.299285760000001 0.4675685900000001 0.2331456499999988 2.57749292228715E-5 3.176276241687037E-5 1.80645270779628E-5

0.9473684210526315 0.5 0.0 0.05720000000000612 1.377399999999988E-4 0.9426622600000183 -8.196568423990414E-17 4.897656924000072E-7 4.897657882585449E-7
0.9473684210526315 0.5 0.05263157894736842 0.6365812399999977 0.027337529999999683 0.3360812300000003 0.018365248844066984 5.46010236499132E-4 0.01666357663068603
0.9473684210526315 0.5 0.10526315789473684 0.47075759000000106 0.08962756999999973 0.4396148399999969 0.0019374365323957532 2.3771495289500594E-4 0.0014216920797765764
0.9473684210526315 0.5 0.15789473684210525 0.378260189999999 0.14857451000000024 0.47316529999999835 3.023040681622291E-4 9.101614525958146E-5 1.5748152191391585E-4
0.9473684210526315 0.5 0.21052631578947367 0.3275805700000012 0.20008886000000134 0.4723305699999987 1.0625908547362561E-4 5.034883789947764E-5 5.346504447686917E-5
0.9473684210526315 0.5 0.2631578947368421 0.3008395400000006 0.24121647999999932 0.4579439799999989 6.979676858892558E-5 4.6566156410472737E-5 3.6870203763444964E-5
0.9473684210526315 0.5 0.3157894736842105 0.2857908099999998 0.2765770700000008 0.43763212000000196 6.8937860543683E-5 3.994275121430024E-5 3.623539830380218E-5
0.9473684210526315 0.5 0.3684210526315789 0.27717385999999955 0.30685588000000175 0.4159702599999989 5.3617460700233766E-5 4.12771694250913E-5 3.356471953330775E-5
0.9473684210526315 0.5 0.42105263157894735 0.27235117000000053 0.33235213999999935 0.3952966899999991 3.912391863089559E-5 3.466846142050062E-5 2.678308004261387E-5
0.9473684210526315 0.5 0.47368421052631576 0.27308816999999985 0.3536884100000007 0.3732234199999986 3.150174305045772E-5 3.8349636670181875E-5 2.444667950143864E-5
0.9473684210526315 0.5 0.5263157894736842 0.27214985000000075 0.3728573899999997 0.3549927600000005 4.47041119764624E-5 4.080971738390504E-5 2.633261558041E-5
0.9473684210526315 0.5 0.5789473684210527 0.27096706999999964 0.39240732000000095 0.3366256099999987 4.287899861479816E-5 4.1760704414972594E-5 2.4768161126467736E-5
0.9473684210526315 0.5 0.631578947368421 0.27319623000000104 0.40647496000000044 0.32032881000000035 2.6529636785718735E-5 2.6448386997390827E-5 1.5727358983530504E-5
0.9473684210526315 0.5 0.6842105263157895 0.27603408999999934 0.41825062000000107 0.305715290000001 2.9748206871141325E-5 3.093167761372695E-5 2.134145721725822E-5
0.9473684210526315 0.5 0.7368421052631579 0.27781919000000066 0.4297738600000029 0.29240694999999967 2.652500274272218E-5 3.280712469577729E-5 2.097066869792552E-5
0.9473684210526315 0.5 0.7894736842105263 0.27927362999999994 0.44042840000000055 0.28029796999999934 3.249520162239283E-5 3.511420143886834E-5 2.52924368781271E-5
0.9473684210526315 0.5 0.8421052631578947 0.28094428000000093 0.4515393299999974 0.26751639000000066 2.975845928034071E-5 2.502089015304909E-5 2.009437636733835E-5
0.9473684210526315 0.5 0.8947368421052632 0.28326490999999915 0.4596737899999983 0.25706129999999866 3.5140319691817634E-5 3.0484870039954037E-5 1.984009431166278E-5
0.9473684210526315 0.5 0.9473684210526315 0.2861689600000013 0.46727271999999875 0.24655831999999878 3.570796051691194E-5 4.3291351807056566E-5 2.6229450778354757E-5
0.9473684210526315 0.5 1.0 0.2864053999999997 0.4756424499999998 0.23795214999999856 2.5709198839526937E-5 2.6788446999076454E-5 1.8064915377681567E-5

1.0 0.5 0.0 0.05579999999999551 1.2750999999999737E-4 0.9440724900001579 1.0373646386341306E-15 3.996861998999977E-7 3.996859581079093E-7
1.0 0.5 0.05263157894736842 0.6542140599999986 0.025031300000000214 0.3207546399999995 0.025434836298320218 7.216646123099895E-4 0.022694072884469937
1.0 0.5 0.10526315789473684 0.44590484999999985 0.0948602499999993 0.45923489999999856 0.001720775785477885 2.441741909375017E-4 0.0012681096159949112
1.0 0.5 0.15789473684210525 0.36111739999999876 0.1527960400000007 0.4860865599999997 1.4173375123857634E-4 6.583985231839104E-5 7.922635336712891E-5
1.0 0.5 0.21052631578947367 0.3106523400000005 0.20330937999999926 0.48603827999999966 1.3237086652416463E-4 5.491034801598238E-5 6.921288464201147E-5
1.0 0.5 0.2631578947368421 0.2873954699999997 0.2460592499999997 0.46654527999999773 7.18709464788414E-5 3.8721522438216194E-5 3.3444829730500114E-5
1.0 0.5 0.3157894736842105 0.2711864899999999 0.2823940999999997 0.4464194100000001 5.99585284796339E-5 4.0952151189460606E-5 3.5742166253349694E-5
1.0 0.5 0.3684210526315789 0.2639539500000003 0.31238832000000033 0.42365773000000256 4.6809090397378905E-5 3.493367757809174E-5 2.4092828244615117E-5
1.0 0.5 0.42105263157894735 0.25982995000000064 0.33767806999999905 0.4024919799999999 4.462172799811481E-5 4.249985007495627E-5 2.7096407678395273E-5
1.0 0.5 0.47368421052631576 0.25937928999999854 0.36108752000000044 0.37953319000000063 2.1876152097921597E-5 2.2539374248148336E-5 2.0228837420144252E-5
1.0 0.5 0.5263157894736842 0.2595967600000005 0.3810191000000001 0.35938413999999935 4.406891550319536E-5 4.1380439187416185E-5 2.643065645918652E-5
1.0 0.5 0.5789473684210527 0.2597481799999989 0.39719582999999953 0.34305599000000064 3.1782878689073923E-5 4.289966361067932E-5 2.7129966118089044E-5
1.0 0.5 0.631578947368421 0.26080724000000044 0.4130316900000002 0.3261610700000004 2.97681595829713E-5 3.411234874228786E-5 2.779184545538549E-5
1.0 0.5 0.6842105263157895 0.26353701999999984 0.425383760000001 0.3110792199999999 2.1915237520167552E-5 3.239304025934309E-5 2.1753002191898796E-5
1.0 0.5 0.7368421052631579 0.2641084299999998 0.438252529999999 0.2976390399999995 2.8661767936061233E-5 2.6993671600084035E-5 1.950772187907235E-5
1.0 0.5 0.7894736842105263 0.26603955999999995 0.4501426799999972 0.28381776000000114 2.7652261006469447E-5 2.910309841860914E-5 2.078351858081362E-5
1.0 0.5 0.8421052631578947 0.2678641800000008 0.4592101999999974 0.27292562000000037 2.3030136927101874E-5 2.6694435963564578E-5 1.949251561544907E-5
1.0 0.5 0.8947368421052632 0.26935857000000096 0.4694974099999984 0.2611440199999998 2.3292746554090527E-5 3.143535429883659E-5 2.1006352241184634E-5
1.0 0.5 0.9473684210526315 0.27176787999999996 0.47680843 0.2514236900000011 2.2516592304955285E-5 2.5810475936610677E-5 2.0319389784445585E-5
1.0 0.5 1.0 0.2734564500000005 0.4842010399999992 0.24234250999999962 2.4133336396628402E-5 3.013180091876455E-5 1.642127390016901E-5

