0.0 0.5 0.0 0.3332999999999808 3.745999999999983E-5 0.6666625400000726 -1.326716514427062E-14 4.929474839999959E-8 4.929476293824564E-8
0.0 0.5 0.05263157894736842 0.920333859999894 4.124000000000005E-5 0.07962490000008612 0.010737107943555424 3.419926239999866E-8 0.010712802705987474
0.0 0.5 0.10526315789473684 0.9752390999998564 2.8550000000000308E-5 0.02473235000009235 0.002517787559301432 2.2323897500000246E-8 0.002506683350476846
0.0 0.5 0.15789473684210525 0.9898047699999007 4.770000000000007E-5 0.010147530000088735 7.534444543070284E-4 5.3694710000000105E-8 7.424408538989845E-4
0.0 0.5 0.21052631578947367 0.9947817799999195 4.5370000000001045E-5 0.0051728500000940685 2.545573980271554E-4 5.7898563100000555E-8 2.479181738774115E-4
0.0 0.5 0.2631578947368421 0.9972858599998938 4.892000000000086E-5 0.0026652200000947136 8.729146014296862E-5 6.136483360000048E-8 8.306500035157067E-5
0.0 0.5 0.3157894736842105 0.998386549999895 3.38400000000004E-5 0.001579610000093186 3.722856618137982E-5 3.4476854399999985E-8 3.511766124789299E-5
0.0 0.5 0.3684210526315789 0.9990739599998939 3.107000000000049E-5 8.949700000941516E-4 1.4673358006311865E-5 2.4087655100000243E-8 1.352952969909616E-5
0.0 0.5 0.42105263157894735 0.9994144699998917 3.605000000000006E-5 5.494800000941934E-4 7.182317715126452E-6 4.96973974999997E-8 6.084791729598028E-6
0.0 0.5 0.47368421052631576 0.9994887099998924 6.863000000000008E-5 4.426600000937286E-4 5.106211630967472E-6 1.140769231000011E-7 3.703536124399097E-6
0.0 0.5 0.5263157894736842 0.9997380199998916 5.0280000000001104E-5 2.1170000009375635E-4 1.352666574305772E-6 5.3505921599999654E-8 8.74589109999769E-7
0.0 0.5 0.5789473684210527 0.9997741099998916 3.6330000000000894E-5 1.895600000937597E-4 1.2501208029869204E-6 3.5879131099999325E-8 8.698850063997796E-7
0.0 0.5 0.631578947368421 0.9998300699998917 3.3900000000000567E-5 1.360300000937664E-4 8.195868886895497E-7 3.21147899999997E-8 5.29384839099857E-7
0.0 0.5 0.6842105263157895 0.9998752699998915 3.912000000000045E-5 8.56100000937718E-5 3.38405522715135E-7 2.576162560000023E-8 1.821719278999524E-7
0.0 0.5 0.7368421052631579 0.999843849999892 5.684000000000085E-5 9.931000009377073E-5 5.738922737030805E-7 5.079321440000019E-8 3.0077252389992296E-7
0.0 0.5 0.7894736842105263 0.9998885399998912 5.63100000000006E-5 5.5150000093773614E-5 3.3894476314522137E-7 7.949218390000157E-8 9.184347749996511E-8
0.0 0.5 0.8421052631578947 0.9998782499998924 4.784000000000068E-5 7.391000009377567E-5 3.8381003064635877E-7 5.851533440000063E-8 1.4472031189995578E-7
0.0 0.5 0.8947368421052632 0.9999053299998901 3.0430000000000557E-5 6.424000009377577E-5 2.1115668746851668E-7 2.8667015100000527E-8 8.652722239997322E-8
0.0 0.5 0.9473684210526315 0.9999481799998913 2.4340000000000102E-5 2.7480000093811434E-5 1.0414678230930008E-7 1.6683564400000436E-8 3.926884959998563E-8
0.0 0.5 1.0 0.9998878199998916 5.1550000000000115E-5 6.0630000093773114E-5 3.476857410866785E-7 8.214759750000067E-8 9.358100309996355E-8

0.05263157894736842 0.5 0.0 0.30470183000003254 6.771999999999883E-5 0.6952304499999217 1.796038318069293E-10 1.0494800160000132E-7 1.1279397310604011E-7
0.05263157894736842 0.5 0.05263157894736842 0.9113932699999278 9.797000000000053E-5 0.08850876000008438 0.012472147427657121 2.391048790999991E-7 0.012408180279260559
0.05263157894736842 0.5 0.10526315789473684 0.9717985099998689 1.524399999999976E-4 0.028049050000094056 0.003514428282897053 3.7843004640000135E-7 0.0034540550190968133
0.05263157894736842 0.5 0.15789473684210525 0.9877749999998966 1.4669000000000018E-4 0.012078310000088929 0.001027325055064865 3.2253904389999273E-7 9.939569445437705E-4
0.05263157894736842 0.5 0.21052631578947367 0.9932898299999041 2.2094000000000093E-4 0.006489230000094204 4.149155376266256E-4 9.074615163999956E-7 3.788467030069911E-4
0.05263157894736842 0.5 0.2631578947368421 0.996318059999897 1.735599999999969E-4 0.003508380000094637 1.5826139591501587E-4 6.120669264000033E-7 1.3979359377556085E-4
0.05263157894736842 0.5 0.3157894736842105 0.9977684799998904 2.1569999999999988E-4 0.0020158200000947326 6.613569457947222E-5 8.261135100000066E-7 5.231728172758274E-5
0.05263157894736842 0.5 0.3684210526315789 0.998174609999896 2.6386999999999076E-4 0.001561520000093165 4.5977320429324564E-5 1.1488156231000218E-6 3.270049728959258E-5
0.05263157894736842 0.5 0.42105263157894735 0.9983996899998967 2.901599999999869E-4 0.00131015000009323 3.52116769832822E-5 1.2152691744000361E-6 2.3389845977495168E-5
0.05263157894736842 0.5 0.47368421052631576 0.998949279999893 2.2219999999999803E-4 8.285200000941317E-4 1.8833863570710818E-5 8.593831600000135E-7 1.1677782609596045E-5
0.05263157894736842 0.5 0.5263157894736842 0.9991148599998926 2.1260999999999866E-4 6.725300000941439E-4 1.3637085273243699E-5 1.028189987899998E-6 7.2311763990974485E-6
0.05263157894736842 0.5 0.5789473684210527 0.9992558599998912 2.182300000000006E-4 5.259100000941921E-4 9.877271756164596E-6 8.444406671000051E-7 4.975747671897897E-6
0.05263157894736842 0.5 0.631578947368421 0.9992605699998922 2.816199999999913E-4 4.5781000009370066E-4 8.420878366832696E-6 1.2360001756000299E-6 3.2266290038989065E-6
0.05263157894736842 0.5 0.6842105263157895 0.9993294499998919 2.57009999999992E-4 4.135400000937117E-4 7.177913789790935E-6 1.0330548598999869E-6 2.790758668399082E-6
0.05263157894736842 0.5 0.7368421052631579 0.9993786399998913 2.5652999999999386E-4 3.648300000937164E-4 6.5958758467266065E-6 1.2380753590999759E-6 2.137886071099229E-6
0.05263157894736842 0.5 0.7894736842105263 0.9994645099998926 2.7422000000000075E-4 2.6127000009372334E-4 4.379843552393403E-6 1.1010733915999937E-6 1.1094469870995143E-6
0.05263157894736842 0.5 0.8421052631578947 0.9994461699998957 2.826799999999991E-4 2.711500000937221E-4 4.348513407248511E-6 1.0323780176000193E-6 1.162592677499546E-6
0.05263157894736842 0.5 0.8947368421052632 0.9994756499998914 2.794299999999951E-4 2.449200000937255E-4 4.858032173538085E-6 1.4324898750999967E-6 1.0265181935995048E-6
0.05263157894736842 0.5 0.9473684210526315 0.9994693699998956 2.977399999999978E-4 2.3289000009372852E-4 4.131244887850549E-6 1.2623888924000133E-6 8.332812478996072E-7
0.05263157894736842 0.5 1.0 0.9995316899998918 2.6370999999999036E-4 2.0460000009373528E-4 3.247796836691741E-6 8.606600359000158E-7 7.936228399996549E-7

0.10526315789473684 0.5 0.0 0.2665322499999607 1.5332999999999634E-4 0.7333144200000042 1.340695486573562E-8 3.7539091109999075E-7 5.257020969651194E-7
0.10526315789473684 0.5 0.05263157894736842 0.908175699999898 2.750499999999934E-4 0.09154925000008161 0.013885771759532872 1.041668497500028E-6 0.013711586351434976
0.10526315789473684 0.5 0.10526315789473684 0.9704256699998939 2.172999999999964E-4 0.029357030000093192 0.0038105466481359596 8.449467100000034E-7 0.0037181483785783736
0.10526315789473684 0.5 0.15789473684210525 0.9847131499999083 3.6095999999999356E-4 0.014925890000088598 0.001568359874113412 2.327403878400022E-6 0.0014608306787076539
0.10526315789473684 0.5 0.21052631578947367 0.9907819999998978 4.43629999999996E-4 0.008774370000088906 7.139805600547833E-4 3.1512694230999685E-6 6.270515881030034E-4
0.10526315789473684 0.5 0.2631578947368421 0.994252089999901 5.996100000000036E-4 0.005148300000094227 3.290830036901671E-4 4.540832847899972E-6 2.5695843110991676E-4
0.10526315789473684 0.5 0.3157894736842105 0.9958857799998988 5.746100000000026E-4 0.003539610000094478 1.792121418615622E-4 3.083618347900065E-6 1.3606645804786283E-4
0.10526315789473684 0.5 0.3684210526315789 0.9962538099998968 9.143100000000127E-4 0.0028318800000945556 1.5442763756357003E-4 9.400618223899568E-6 8.782126366556449E-5
0.10526315789473684 0.5 0.42105263157894735 0.9969580999999024 8.175100000000062E-4 0.0022243900000945742 1.0220568444962996E-4 7.623516399899893E-6 5.412231212787956E-5
0.10526315789473684 0.5 0.47368421052631576 0.9973575999998957 8.528500000000032E-4 0.0017895500000931278 7.783961231799807E-5 8.304941877499922E-6 3.537245379749014E-5
0.10526315789473684 0.5 0.5263157894736842 0.9976602799998947 7.863600000000257E-4 0.0015533600000932246 5.672744839968491E-5 6.977721950399948E-6 2.4030692710393897E-5
0.10526315789473684 0.5 0.5789473684210527 0.9973059799998931 0.001108559999999959 0.0015854600000930715 7.361853232501492E-5 1.4025168726399765E-5 2.3584362588392646E-5
0.10526315789473684 0.5 0.631578947368421 0.9976762799998916 0.0010427699999999713 0.0012809500000931736 4.770924544816868E-5 9.234859727100176E-6 1.5034000097495363E-5
0.10526315789473684 0.5 0.6842105263157895 0.9982352299999037 7.935200000000044E-4 9.712500000940088E-4 3.5587317906426996E-5 6.81428600960002E-6 1.1352146437494928E-5
0.10526315789473684 0.5 0.7368421052631579 0.9977368399998903 0.0012160799999999753 0.00104708000009324 4.2810972892382004E-5 1.1308235433600232E-5 1.0171289473596157E-5
0.10526315789473684 0.5 0.7894736842105263 0.9978300599998949 0.0011808000000000157 9.891400000931784E-4 4.070529647715038E-5 1.1488417359999963E-5 9.132900060396597E-6
0.10526315789473684 0.5 0.8421052631578947 0.9978278399998981 0.0011890899999999881 9.830700000931804E-4 4.68005290091833E-5 1.4497235971899366E-5 9.29092437509638E-6
0.10526315789473684 0.5 0.8947368421052632 0.997894139999897 0.001219680000000036 8.86180000093951E-4 4.406155173741766E-5 1.4713214697600501E-5 7.903521007595223E-6
0.10526315789473684 0.5 0.9473684210526315 0.9984040499998923 9.212399999999998E-4 6.747100000940631E-4 2.8777920689004866E-5 9.935612862399915E-6 4.9400954158968405E-6
0.10526315789473684 0.5 1.0 0.9985234599998933 8.601300000000012E-4 6.164100000940612E-4 2.5717005715408803E-5 9.248039383100043E-6 4.154079711897266E-6

0.15789473684210525 0.5 0.0 0.2462020700000163 1.0700000000000036E-4 0.7536909299999299 6.566926724627109E-10 2.540349999999959E-7 2.7176475236867503E-7
0.15789473684210525 0.5 0.05263157894736842 0.906548849999915 3.0040999999999006E-4 0.09315074000008172 0.015274977888673269 1.155096831900053E-6 0.015081199937449592
0.15789473684210525 0.5 0.10526315789473684 0.963504229999898 6.631199999999906E-4 0.035832650000088666 0.005508004803244759 4.69385786559998E-6 0.005216126258976559
0.15789473684210525 0.5 0.15789473684210525 0.9815165799998982 8.431400000000026E-4 0.017640280000096577 0.002079588355163531 7.616374940399844E-6 0.0018458735995209171
0.15789473684210525 0.5 0.21052631578947367 0.9869577399999024 0.0013051799999999967 0.011737080000089103 0.0010942657241441722 1.0674857167599949E-5 8.893595390734861E-4
0.15789473684210525 0.5 0.2631578947368421 0.9898013699998913 0.0014468300000000244 0.008751800000089766 7.930020331859966E-4 1.8035379951100597E-5 5.7324187675988E-4
0.15789473684210525 0.5 0.3157894736842105 0.9920713899999065 0.001743560000000027 0.006185050000093771 4.5537400451500787E-4 2.0842364526399613E-5 2.822513574973997E-4
0.15789473684210525 0.5 0.3684210526315789 0.9916370799999147 0.0024051299999999607 0.005957790000093838 4.503046370912811E-4 3.5665008683099295E-5 2.3292007931579329E-4
0.15789473684210525 0.5 0.42105263157894735 0.9934526299998867 0.0022012799999999925 0.004346090000093851 3.134637611620361E-4 3.6748942361598505E-5 1.3599433471186167E-4
0.15789473684210525 0.5 0.47368421052631576 0.9922578399999014 0.0031212100000000092 0.004620950000093909 3.335597725890871E-4 5.055229513590029E-5 1.253395780974561E-4
0.15789473684210525 0.5 0.5263157894736842 0.9937200499998669 0.0025557599999999343 0.0037241900000939045 2.5304355509003784E-4 3.626758082239869E-5 9.860145184384634E-5
0.15789473684210525 0.5 0.5789473684210527 0.9927965299999022 0.0031968399999999114 0.004006630000093796 2.871009710073702E-4 5.450747001439768E-5 9.181360504305405E-5
0.15789473684210525 0.5 0.631578947368421 0.9939816199998935 0.003002539999999974 0.003015840000094005 2.1669636024024275E-4 5.204428354840396E-5 5.661837309436351E-5
0.15789473684210525 0.5 0.6842105263157895 0.9938519399999085 0.003234140000000046 0.0029139200000939734 2.136786062755247E-4 5.667124646039875E-5 5.06704302335708E-5
0.15789473684210525 0.5 0.7368421052631579 0.9932743599998906 0.0037025000000000135 0.0030231400000937493 2.302579966657614E-4 6.95725397499985E-5 4.694014454037359E-5
0.15789473684210525 0.5 0.7894736842105263 0.9941633699999115 0.00327746999999997 0.0025591600000941855 2.3064266927752541E-4 7.446173139909869E-5 4.320941809437258E-5
0.15789473684210525 0.5 0.8421052631578947 0.9926211599998896 0.004378389999999646 0.003000450000093825 2.8527141633094555E-4 9.884101400790172E-5 4.850913279746818E-5
0.15789473684210525 0.5 0.8947368421052632 0.9923385999998924 0.004673839999999686 0.002987560000093738 2.8287751610078793E-4 1.0515278965440381E-4 4.332321724637004E-5
0.15789473684210525 0.5 0.9473684210526315 0.9930386099998996 0.004313759999999953 0.0026476300000941276 2.6142888832758615E-4 1.0057020066239774E-4 3.7984164383071805E-5
0.15789473684210525 0.5 1.0 0.9940830699999146 0.003769159999999901 0.002147770000094112 2.2746049039401584E-4 9.2148056894397E-5 3.020820102707773E-5

0.21052631578947367 0.5 0.0 0.21260268999996731 1.4686999999999825E-4 0.7872504399999308 4.797852462545826E-10 4.2604820309999994E-7 4.503177670756031E-7
0.21052631578947367 0.5 0.05263157894736842 0.8972170199998928 3.4642999999999664E-4 0.10243655000008106 0.017836836350360374 2.2378772550999973E-6 0.017575456491095
0.21052631578947367 0.5 0.10526315789473684 0.9610955199998609 8.514300000000045E-4 0.03805305000008339 0.006134619252023521 7.0320119550998246E-6 0.005755412282697164
0.21052631578947367 0.5 0.15789473684210525 0.9746998599999058 0.001914750000000019 0.023385390000094427 0.003115707992034422 2.1013477437499627E-5 0.0026414561995469635
0.21052631578947367 0.5 0.21052631578947367 0.9818214899998966 0.00241774999999991 0.01576076000009677 0.002024458423244835 4.0774007937498816E-5 0.0014934455542218365
0.21052631578947367 0.5 0.2631578947368421 0.9846999399999055 0.003171169999999991 0.012128890000088205 0.0012285353420359302 5.007318383109922E-5 7.844040043677625E-4
0.21052631578947367 0.5 0.3157894736842105 0.983528639999866 0.0047468099999999624 0.011724550000090204 0.0012221075858678265 1.0260787782389814E-4 6.185720642973437E-4
0.21052631578947367 0.5 0.3684210526315789 0.9813833999998793 0.0067849899999999335 0.011831610000091489 0.0010455824924656687 1.264426156998954E-4 4.4652606180768575E-4
0.21052631578947367 0.5 0.42105263157894735 0.981564479999914 0.0073908599999997805 0.011044660000091988 0.0010167213823180088 1.5055678646040427E-4 3.8631329548424417E-4
0.21052631578947367 0.5 0.47368421052631576 0.983915129999905 0.00679723999999988 0.009287630000088143 0.001115835676128829 2.0286589638240967E-4 3.678433599830109E-4
0.21052631578947367 0.5 0.5263157894736842 0.9806109699999097 0.008888700000000544 0.010500330000089148 0.001085120482687607 2.23109696310008E-4 3.2566766289100286E-4
0.21052631578947367 0.5 0.5789473684210527 0.9826913699999087 0.008523719999999582 0.008784910000091063 9.836117325470184E-4 2.3262669136161308E-4 2.6037684729179205E-4
0.21052631578947367 0.5 0.631578947368421 0.9785291199998815 0.011195710000000116 0.01027517000008857 0.0012433188681085783 3.388629385959156E-4 2.852505964710073E-4
0.21052631578947367 0.5 0.6842105263157895 0.9768159299998828 0.012772269999999494 0.010411800000088879 0.0013174233852919492 4.001104860471089E-4 2.6713338675990006E-4
0.21052631578947367 0.5 0.7368421052631579 0.9695903199999116 0.017928879999999515 0.012480800000090789 0.0014877870122957937 5.164840259455996E-4 2.5241435935982484E-4
0.21052631578947367 0.5 0.7894736842105263 0.9781465599999273 0.012902169999999843 0.008951270000092814 0.0010526555600893772 3.623429522910512E-4 1.809399283869491E-4
0.21052631578947367 0.5 0.8421052631578947 0.978493389999897 0.012986080000000382 0.008520530000091097 0.0010237440773150919 3.689504362335948E-4 1.6396024751902228E-4
0.21052631578947367 0.5 0.8947368421052632 0.9759122799999063 0.015099209999999532 0.008988510000090995 0.0010687311692144652 4.08452776375917E-4 1.5675563897982474E-4
0.21052631578947367 0.5 0.9473684210526315 0.972412219999913 0.017767210000000262 0.009820570000091828 0.0012085686786478256 5.036993958158824E-4 1.5276101387494607E-4
0.21052631578947367 0.5 1.0 0.9738547399999158 0.017208180000000625 0.008937080000092197 0.0012001640495004073 5.27652209087577E-4 1.374412010735003E-4

0.2631578947368421 0.5 0.0 0.19160366999997538 1.576499999999994E-4 0.808238679999969 1.1295404750422122E-9 7.009174775000113E-7 7.496638806392397E-7
0.2631578947368421 0.5 0.05263157894736842 0.8920515399999465 5.196700000000043E-4 0.10742879000008093 0.019206779177584732 3.3537280911000178E-6 0.018828158202132954
0.2631578947368421 0.5 0.10526315789473684 0.9525723699998323 0.0017331100000000652 0.04569452000008747 0.007925304639712527 1.6658372727899975E-5 0.0072383559079684575
0.2631578947368421 0.5 0.15789473684210525 0.9667044599998375 0.0035981200000000328 0.029697420000090582 0.004209878082253482 4.654994846559928E-5 0.003374606901343556
0.2631578947368421 0.5 0.21052631578947367 0.9672175499998767 0.006224200000000094 0.026558250000092407 0.0032576474050507453 1.0135785836000245E-4 0.0022142770519366283
0.2631578947368421 0.5 0.2631578947368421 0.9685748099998815 0.008259079999998824 0.02316611000008997 0.002525136428510155 1.5610336555362014E-4 0.0014309384044673855
0.2631578947368421 0.5 0.3157894736842105 0.9626200799998976 0.012301319999999975 0.025078600000091232 0.003188566234822332 3.340578502576176E-4 0.0014620832860393223
0.2631578947368421 0.5 0.3684210526315789 0.9571210199999096 0.01641437000000055 0.02646461000008963 0.0021659317261649713 2.9476166050307145E-4 8.672397085474839E-4
0.2631578947368421 0.5 0.42105263157894735 0.9551609699999082 0.01917752000000009 0.02566151000008931 0.002869073007684575 5.170864106495928E-4 9.539091335194567E-4
0.2631578947368421 0.5 0.47368421052631576 0.9406565199999183 0.02792751999999978 0.03141596000008742 0.0026993220514959226 5.85700750649618E-4 7.7446573927804E-4
0.2631578947368421 0.5 0.5263157894736842 0.9463090099999198 0.026450539999999675 0.027240450000088075 0.0021915949418159775 4.98337149708415E-4 6.034862107971851E-4
0.2631578947368421 0.5 0.5789473684210527 0.9390139999999182 0.03183593999999981 0.029150060000086832 0.002840931033988303 7.902919323164441E-4 6.367744799960689E-4
0.2631578947368421 0.5 0.631578947368421 0.9318683799999091 0.03723564000000071 0.030895980000086278 0.0028874810041900068 8.477723117904718E-4 6.08871895839315E-4
0.2631578947368421 0.5 0.6842105263157895 0.9261694499999129 0.0416480800000003 0.03218247000008531 0.002633113179710045 8.46153140313656E-4 4.971209276988708E-4
0.2631578947368421 0.5 0.7368421052631579 0.9140781799999226 0.05055415000000032 0.035367670000084346 0.001813679981875982 5.897686467775621E-4 3.388611877709006E-4
0.2631578947368421 0.5 0.7894736842105263 0.8997655499999249 0.060619660000000616 0.0396147900000821 0.0017229447901884187 6.298290934844079E-4 2.7299103025576273E-4
0.2631578947368421 0.5 0.8421052631578947 0.8989945399999181 0.06292213000000066 0.03808333000008182 0.001835515830172496 6.975777692631449E-4 2.743281911109323E-4
0.2631578947368421 0.5 0.8947368421052632 0.8986483699999137 0.06451365000000026 0.03683798000008211 0.0014328885673449143 5.664399906775966E-4 2.0083338151943853E-4
0.2631578947368421 0.5 0.9473684210526315 0.8982022299999194 0.06605289999999985 0.03574487000008169 0.002685297272037923 0.0011456732515901687 3.2729524768290415E-4
0.2631578947368421 0.5 1.0 0.8988614899999231 0.0668946000000002 0.03424391000008202 0.001961474217980763 8.652788808399606E-4 2.252613709117716E-4

0.3157894736842105 0.5 0.0 0.16411187999996965 1.314200000000003E-4 0.8357567000001443 3.514880126537223E-9 5.147387836000103E-7 5.992909909435795E-7
0.3157894736842105 0.5 0.05263157894736842 0.8854841999999076 5.962100000000003E-4 0.11391959000008241 0.021333130354367347 4.369878635899959E-6 0.020880842211226772
0.3157894736842105 0.5 0.10526315789473684 0.948600089999873 0.0021674500000000334 0.049232460000089226 0.009190318797119956 2.5847243497499692E-5 0.008280512186346399
0.3157894736842105 0.5 0.15789473684210525 0.9581873499998971 0.0050429699999996885 0.03676968000008814 0.00553675357899408 7.152798857910045E-5 0.004357784942696663
0.3157894736842105 0.5 0.21052631578947367 0.9431100599999269 0.01341922999999957 0.04347071000008781 0.004588152730761186 2.109689592071178E-4 0.002855760371095301
0.3157894736842105 0.5 0.2631578947368421 0.9167501099999228 0.026201189999999874 0.057048700000085044 0.0037898839399728157 2.9542113358390916E-4 0.0019829095863091507
0.3157894736842105 0.5 0.3157894736842105 0.8997261199999201 0.03683835999999981 0.06343552000008294 0.002457533893754915 2.457914765104012E-4 0.0011611665343290705
0.3157894736842105 0.5 0.3684210526315789 0.8654256299999163 0.055351650000000106 0.07922272000007782 0.0031158955261129107 5.150845172775778E-4 0.0011122997898013205
0.3157894736842105 0.5 0.42105263157894735 0.8410942999999245 0.07171289000000053 0.0871928100000754 0.0011915986975185033 2.1514042284793197E-4 4.062344193038695E-4
0.3157894736842105 0.5 0.47368421052631576 0.8417115499999226 0.07555950000000186 0.08272895000007532 0.0016836685675879481 3.563922537497049E-4 5.003177328974009E-4
0.3157894736842105 0.5 0.5263157894736842 0.8121957199999277 0.09576789000000256 0.09203639000007127 6.781804636795119E-4 1.705231259474995E-4 1.808603487678754E-4
0.3157894736842105 0.5 0.5789473684210527 0.8006517999999264 0.10638792000000194 0.09296028000007014 8.989305227619093E-4 2.5750490407336867E-4 2.0402711832154946E-4
0.3157894736842105 0.5 0.631578947368421 0.7844219899999322 0.11965342000000122 0.09592459000006757 4.846567594339879E-4 1.385131823038871E-4 1.1508490233181311E-4
0.3157894736842105 0.5 0.6842105263157895 0.7719424399999335 0.13147474000000123 0.0965828200000666 3.6928453683704454E-4 1.1861524993264302E-4 8.197817484751138E-5
0.3157894736842105 0.5 0.7368421052631579 0.767030969999933 0.13862729000000024 0.09434174000006704 4.737947138634402E-4 1.6740585825603463E-4 8.617556777233693E-5
0.3157894736842105 0.5 0.7894736842105263 0.7531280199999368 0.15080315000000094 0.09606883000006596 3.7524735086869043E-4 1.3625635107724493E-4 7.124427543120718E-5
0.3157894736842105 0.5 0.8421052631578947 0.7558275399999325 0.15261813999999974 0.09155432000006726 2.27610891536556E-4 8.832401694032488E-5 4.300044733765093E-5
0.3157894736842105 0.5 0.8947368421052632 0.7467961699999397 0.1621917999999979 0.09101203000006713 1.8335894232435201E-4 7.865454876031588E-5 3.293904427915939E-5
0.3157894736842105 0.5 0.9473684210526315 0.7516078499999381 0.16246724999999804 0.0859249000000682 3.5727273936314585E-4 1.6760946643785274E-4 4.636036998996885E-5
0.3157894736842105 0.5 1.0 0.7432795699999373 0.17076808999999693 0.08595234000006766 1.516795356047984E-4 7.050625075202127E-5 2.7366452524439817E-5

0.3684210526315789 0.5 0.0 0.14930568999998517 1.659699999999992E-4 0.8505283400001344 3.322630868357601E-9 6.095229591000195E-7 6.81808513536275E-7
0.3684210526315789 0.5 0.05263157894736842 0.8842031699999151 6.273100000000067E-4 0.1151695200000797 0.022074553680970666 4.233369163899968E-6 0.021599549624964395
0.3684210526315789 0.5 0.10526315789473684 0.9430159399998913 0.002273389999999951 0.05471067000008436 0.011121842631953038 2.713682690790085E-5 0.010092104711149377
0.3684210526315789 0.5 0.15789473684210525 0.9181622999999158 0.014679199999999932 0.06715850000008457 0.005034134596705653 6.658570136000154E-5 0.00399244490374955
0.3684210526315789 0.5 0.21052631578947367 0.864142749999919 0.03718584000000006 0.09867141000007866 0.0035164082954386444 1.555410294943624E-4 0.0022167496636112255
0.3684210526315789 0.5 0.2631578947368421 0.8198124399999256 0.060099750000000195 0.12008781000007317 0.0021849936932444303 1.7741081693762933E-4 0.001143230944403396
0.3684210526315789 0.5 0.3157894736842105 0.7560909299999351 0.09328543000000176 0.15062364000006498 8.419045207285203E-4 8.880087271495585E-5 4.0836209115044375E-4
0.3684210526315789 0.5 0.3684210526315789 0.7381311099999385 0.1098105400000019 0.15205835000006312 6.005238251579614E-4 9.269918290823534E-5 2.4513735427712444E-4
0.3684210526315789 0.5 0.42105263157894735 0.7130805599999414 0.13048024000000155 0.15643920000006026 3.5710636407826346E-4 7.83715735427383E-5 1.2472178535969866E-4
0.3684210526315789 0.5 0.47368421052631576 0.6863308799999414 0.15245734999999921 0.16121177000006048 2.0909600242313697E-4 5.2070663977686615E-5 7.997186246658586E-5
0.3684210526315789 0.5 0.5263157894736842 0.6697371299999432 0.16816624999999827 0.1620966200000597 9.773259435874593E-5 3.154762593775631E-5 3.716475057529561E-5
0.3684210526315789 0.5 0.5789473684210527 0.665314479999944 0.17942424999999618 0.15526127000006015 8.9701728330005E-5 3.575722493723288E-5 2.724530498681571E-5
0.3684210526315789 0.5 0.631578947368421 0.6492329499999443 0.19592821999999466 0.1548388300000602 1.2390474129780893E-4 4.858983163113367E-5 3.3724199230953517E-5
0.3684210526315789 0.5 0.6842105263157895 0.6507556699999422 0.20148514999999415 0.14775918000006139 9.989825586026457E-5 4.300515647708003E-5 2.5793937727620897E-5
0.3684210526315789 0.5 0.7368421052631579 0.6418012999999436 0.21417569999999345 0.14402300000006252 5.908521031733338E-5 2.667511551036894E-5 1.9754552999514535E-5
0.3684210526315789 0.5 0.7894736842105263 0.642509959999944 0.21932046999999247 0.13816957000006236 6.501168880340691E-5 3.466775997894994E-5 1.4396161014937348E-5
0.3684210526315789 0.5 0.8421052631578947 0.641316549999945 0.22503917999999107 0.13364427000006282 9.121277910234538E-5 4.422268292750969E-5 2.4725669166822395E-5
0.3684210526315789 0.5 0.8947368421052632 0.6363282899999415 0.2332774299999902 0.13039428000006287 8.702211868361065E-5 4.277876159464178E-5 2.184887128176688E-5
0.3684210526315789 0.5 0.9473684210526315 0.6305696999999473 0.24155349999999046 0.1278768000000627 6.577758391290711E-5 4.1948085749747566E-5 1.583278176038594E-5
0.3684210526315789 0.5 1.0 0.6284567499999456 0.24746607999998926 0.12407717000006352 2.1004540243446668E-4 1.179961434341209E-4 2.5742317791357938E-5

0.42105263157894735 0.5 0.0 0.1323028900000219 1.3089999999999624E-4 0.8675662100000784 6.626450776980874E-10 3.881871899999973E-7 4.1622109570038646E-7
0.42105263157894735 0.5 0.05263157894736842 0.8762282399999017 7.792999999999964E-4 0.12299246000008009 0.024976720090543858 7.26800351000004E-6 0.024339602685143576
0.42105263157894735 0.5 0.10526315789473684 0.9061258699999193 0.008844550000000215 0.08502958000008305 0.011188489645743371 4.8923728297496725E-5 0.009867099689021084
0.42105263157894735 0.5 0.15789473684210525 0.8179455899999248 0.03964983000000021 0.14240458000007408 0.0034091715865741667 4.7021673971054485E-5 0.002716427323023324
0.42105263157894735 0.5 0.21052631578947367 0.7358808199999299 0.07626988000000193 0.1878493000000636 0.001159179218129247 6.667711478546088E-5 7.581440715094534E-4
0.42105263157894735 0.5 0.2631578947368421 0.6755121199999463 0.11064544000000091 0.21384244000005734 2.3332599709707802E-4 3.049555520676442E-5 1.634576728452991E-4
0.42105263157894735 0.5 0.3157894736842105 0.6350252899999473 0.1408286400000003 0.22414607000005288 1.8080358540706332E-4 3.288065975032631E-5 9.845675655512781E-5
0.42105263157894735 0.5 0.3684210526315789 0.6139118999999477 0.16343518999999843 0.22265291000005266 1.612499643877663E-4 4.342702466431439E-5 6.070848953196317E-5
0.42105263157894735 0.5 0.42105263157894735 0.6054854599999513 0.18054299999999626 0.21397154000005444 1.028307965881825E-4 3.7515318999717384E-5 4.147557602805774E-5
0.42105263157894735 0.5 0.47368421052631576 0.5884517699999513 0.20067941999999456 0.21086881000005386 7.146709086958136E-5 3.409975046270164E-5 2.824461218383506E-5
0.42105263157894735 0.5 0.5263157894736842 0.5816759999999518 0.2145602899999931 0.20376371000005497 1.5286598800012818E-4 4.994936411555767E-5 5.588100203645502E-5
0.42105263157894735 0.5 0.5789473684210527 0.5799220499999508 0.2246189499999908 0.1954590000000562 1.2376802280189558E-4 5.417671789761935E-5 3.7585350999846945E-5
0.42105263157894735 0.5 0.631578947368421 0.5736677599999527 0.23807811999998924 0.1882541200000567 9.566372857916505E-5 4.4225851265761174E-5 3.273929302599621E-5
0.42105263157894735 0.5 0.6842105263157895 0.5667340599999524 0.25036965999998834 0.18289628000005723 7.270588191715666E-5 4.350557748551698E-5 2.3185092161766285E-5
0.42105263157894735 0.5 0.7368421052631579 0.5669866599999518 0.25749976999998875 0.17551357000005918 9.139061804480653E-5 5.074016294802364E-5 2.1835080854942096E-5
0.42105263157894735 0.5 0.7894736842105263 0.5655392099999544 0.26604015999998654 0.16842063000005922 4.7600775573308773E-5 3.342837117538411E-5 1.4322607402580262E-5
0.42105263157894735 0.5 0.8421052631578947 0.562329509999954 0.27484463999998515 0.16282585000005953 4.3230178160602595E-5 2.3968549270808603E-5 1.868651877713623E-5
0.42105263157894735 0.5 0.8947368421052632 0.5568292299999555 0.2846763499999859 0.15849442000006028 1.079005066049743E-4 6.627780367600422E-5 2.2578526863152593E-5
0.42105263157894735 0.5 0.9473684210526315 0.5650858699999528 0.2843334699999848 0.1505806600000606 6.574861534425214E-5 4.0968712758659986E-5 1.785334996434393E-5
0.42105263157894735 0.5 1.0 0.5587680799999563 0.29425738999998363 0.14697453000006153 5.715171911202521E-5 3.598781338913504E-5 1.5945742278901387E-5

0.47368421052631576 0.5 0.0 0.1281003500000135 1.309799999999985E-4 0.8717686700000875 3.487665711787713E-11 4.410662395999984E-7 4.4532937504282444E-7
0.47368421052631576 0.5 0.05263157894736842 0.8717302999999333 0.0012033899999999936 0.12706631000007818 0.025299775021895954 5.864723507899818E-6 0.024651844929978423
0.47368421052631576 0.5 0.10526315789473684 0.8841005399999122 0.012977620000000563 0.10292184000007946 0.010186148223744418 3.376291913558105E-5 0.009318039729012911
0.47368421052631576 0.5 0.15789473684210525 0.7207418799999392 0.06424637000000064 0.21501175000006226 0.0012717605180663227 3.675089482310743E-5 0.0011262702909377378
0.47368421052631576 0.5 0.21052631578947367 0.6538318799999476 0.10045546000000097 0.2457126600000541 5.114284356618759E-4 5.36899581883403E-5 3.4912785172314803E-4
0.47368421052631576 0.5 0.2631578947368421 0.58897230999995 0.1417193200000007 0.2693083700000472 1.6808118826683316E-4 3.607115273746367E-5 9.694202894275361E-5
0.47368421052631576 0.5 0.3157894736842105 0.5526141199999548 0.17341139999999725 0.27397448000004804 1.5018966062174677E-4 4.375735203990261E-5 7.304915672869117E-5
0.47368421052631576 0.5 0.3684210526315789 0.5386401599999593 0.19513428999999563 0.2662255500000472 1.6348396516802088E-4 4.469058119483532E-5 6.808818019660157E-5
0.47368421052631576 0.5 0.42105263157894735 0.5264023299999561 0.2174873899999913 0.2561102800000499 9.575885757162617E-5 4.3592919988434675E-5 3.703569232084425E-5
0.47368421052631576 0.5 0.47368421052631576 0.5215870199999592 0.23156256999999 0.246850410000051 9.69135195156845E-5 4.2153391995120026E-5 3.273328383091023E-5
0.47368421052631576 0.5 0.5263157894736842 0.5154793299999597 0.24873721999998868 0.23578345000005163 5.9680919748839045E-5 3.651008067323547E-5 2.260425909716285E-5
0.47368421052631576 0.5 0.5789473684210527 0.5093323199999595 0.26317778999998753 0.2274898900000526 5.171703341755318E-5 2.7583003715928034E-5 1.8471070788346478E-5
0.47368421052631576 0.5 0.631578947368421 0.5091717099999609 0.27527164999998593 0.21555664000005353 4.585578467319884E-5 2.221333327731556E-5 1.9942903910025178E-5
0.47368421052631576 0.5 0.6842105263157895 0.5109956799999618 0.28148419999998536 0.2075201200000553 6.571340733407816E-5 3.926123036053497E-5 2.3231443184917877E-5
0.47368421052631576 0.5 0.7368421052631579 0.5081114899999588 0.2921989499999843 0.19968956000005517 6.45678049813192E-5 3.860900389891786E-5 1.8951279006911015E-5
0.47368421052631576 0.5 0.7894736842105263 0.5066091599999617 0.3020544899999824 0.1913363500000571 5.019868409328332E-5 3.651791984111974E-5 1.8275909677845092E-5
0.47368421052631576 0.5 0.8421052631578947 0.5052747599999619 0.31104531999998125 0.1836799200000571 9.016706493980564E-5 5.900039809865476E-5 2.0613348793677155E-5
0.47368421052631576 0.5 0.8947368421052632 0.5082342099999613 0.3146854299999827 0.17708036000005903 7.023819267359954E-5 4.594673671445837E-5 1.9020594270363622E-5
0.47368421052631576 0.5 0.9473684210526315 0.5071030599999612 0.3226589099999794 0.17023803000005858 5.5040034634690205E-5 4.345390861235088E-5 1.6963624719139314E-5
0.47368421052631576 0.5 1.0 0.5067975799999644 0.3285741699999793 0.16462825000005937 3.984139213919491E-5 2.9119083811382507E-5 1.5881926936949647E-5

0.5263157894736842 0.5 0.0 0.11230000000000903 1.4352999999999914E-4 0.8875564699998545 -3.157196726277789E-16 4.507461391000033E-7 4.5074655219412563E-7
0.5263157894736842 0.5 0.05263157894736842 0.8731208599999032 9.175700000000067E-4 0.12596157000007785 0.026502916884890704 8.508772295100027E-6 0.02576211113412959
0.5263157894736842 0.5 0.10526315789473684 0.8087353899999221 0.027608340000000176 0.1636562700000729 0.0067945270805410685 5.863541644437846E-5 0.006178827276685544
0.5263157894736842 0.5 0.15789473684210525 0.6352961199999463 0.08538693000000178 0.27931695000005224 6.03014130940549E-4 4.9315014175081544E-5 5.825446156959985E-4
0.5263157894736842 0.5 0.21052631578947367 0.5729464399999554 0.12506836000000138 0.30198520000004253 2.388534133220821E-4 3.879283291076743E-5 1.664138149601868E-4
0.5263157894736842 0.5 0.2631578947368421 0.533595069999955 0.16096588999999836 0.3054390400000446 8.414553469671127E-5 2.9695435508483164E-5 4.976571987613809E-5
0.5263157894736842 0.5 0.3157894736842105 0.50491845999996 0.19124614999999462 0.3038353900000439 1.6778347722767872E-4 5.70661851772708E-5 6.742224654818219E-5
0.5263157894736842 0.5 0.3684210526315789 0.4887476299999598 0.21645077999999238 0.2948015900000442 4.809802238667227E-5 2.4753163391948163E-5 2.7933068471847067E-5
0.5263157894736842 0.5 0.42105263157894735 0.47384369999996284 0.2408161499999902 0.2853401500000454 1.3998609231277714E-4 5.905124017682728E-5 4.14667209775732E-5
0.5263157894736842 0.5 0.47368421052631576 0.46827172999996575 0.25809194999998886 0.2736363200000475 6.58804778074229E-5 3.131217619758986E-5 3.142691685729948E-5
0.5263157894736842 0.5 0.5263157894736842 0.4651957499999636 0.2744934299999867 0.2603108200000483 6.222800293839703E-5 3.107160183415947E-5 2.8153866927213556E-5
0.5263157894736842 0.5 0.5789473684210527 0.4630029099999669 0.28873260999998607 0.2482644800000505 4.20545885323198E-5 2.1906339587096646E-5 2.4969072329072972E-5
0.5263157894736842 0.5 0.631578947368421 0.4634467899999636 0.29882957999998133 0.2377236300000509 4.380000169718068E-5 2.3225905026069693E-5 1.8307750623065833E-5
0.5263157894736842 0.5 0.6842105263157895 0.4623607399999666 0.3102230499999818 0.22741621000005205 3.5810266651614686E-5 2.6874003698204585E-5 1.8285804236538306E-5
0.5263157894736842 0.5 0.7368421052631579 0.4572100399999683 0.3241198299999807 0.21867013000005311 4.8793719196721375E-5 3.412467577096345E-5 2.003093278335477E-5
0.5263157894736842 0.5 0.7894736842105263 0.4652860599999647 0.3274839499999803 0.2072299900000534 4.6019913677919355E-5 2.7850853397098918E-5 2.1220759600225347E-5
0.5263157894736842 0.5 0.8421052631578947 0.45960831999996615 0.3395358399999794 0.20085584000005482 5.7819896777111524E-5 4.904375549172335E-5 1.6300149895065452E-5
0.5263157894736842 0.5 0.8947368421052632 0.46220833999996513 0.34535256999997765 0.19243909000005618 7.282352644313872E-5 6.055851339303864E-5 1.883888497274111E-5
0.5263157894736842 0.5 0.9473684210526315 0.4633058299999664 0.3507784299999776 0.18591574000005723 3.907641301131859E-5 2.9695917732386334E-5 2.1678436252406397E-5
0.5263157894736842 0.5 1.0 0.4627331099999663 0.35761585999997875 0.179651030000058 4.8962394728679914E-5 3.990371645937185E-5 1.4544856939406603E-5

0.5789473684210527 0.5 0.0 0.11030024999998402 1.0133000000000064E-4 0.8895984199998991 2.4940079515478608E-11 2.7926923110000124E-7 2.8181377031977206E-7
0.5789473684210527 0.5 0.05263157894736842 0.8576755599999215 0.0027215499999999992 0.1396028900000768 0.02548715510067523 9.508066597499777E-6 0.02503574408264154
0.5789473684210527 0.5 0.10526315789473684 0.6858524799999434 0.050949270000000726 0.26319825000005914 0.003937233845842658 1.7511419546707837E-4 0.0034781601019355513
0.5789473684210527 0.5 0.15789473684210525 0.5799213199999498 0.09944175000000156 0.3206369300000458 5.007900274566768E-4 5.4354461937543286E-5 4.4190796517588893E-4
0.5789473684210527 0.5 0.21052631578947367 0.5238040599999564 0.1402754100000005 0.3359205300000402 2.98480769521825E-4 5.935617233198201E-5 1.719831135194999E-4
0.5789473684210527 0.5 0.2631578947368421 0.47897593999996424 0.17904901999999703 0.34197504000003964 1.8802512311708042E-4 5.5813787039227236E-5 9.642852699842663E-5
0.5789473684210527 0.5 0.3157894736842105 0.4541335399999645 0.21161418999999312 0.334252270000039 1.0058093506976062E-4 3.958471164412086E-5 5.035789484805764E-5
0.5789473684210527 0.5 0.3684210526315789 0.4427141499999698 0.2363421599999901 0.32094369000004264 6.844286677629152E-5 3.095891653454724E-5 2.8333556185172748E-5
0.5789473684210527 0.5 0.42105263157894735 0.43608691999997024 0.25793875999998866 0.3059743200000445 8.668405491230047E-5 5.2643009663400075E-5 4.351628853806189E-5
0.5789473684210527 0.5 0.47368421052631576 0.4279979599999689 0.2782117799999865 0.2937902600000459 7.340341783801385E-5 3.9508201230026296E-5 2.6918201132195008E-5
0.5789473684210527 0.5 0.5263157894736842 0.4248379999999702 0.29489131999998236 0.28027068000004857 4.964667399959266E-5 3.50755086590826E-5 2.1583280336037736E-5
0.5789473684210527 0.5 0.5789473684210527 0.4213540799999689 0.3104431499999814 0.26820277000004766 4.3781111353280444E-5 2.3782519078932585E-5 2.0837711326840425E-5
0.5789473684210527 0.5 0.631578947368421 0.4215525799999719 0.32285954999998007 0.2555878700000495 3.82673873410011E-5 3.0067368798653016E-5 1.6840309862001246E-5
0.5789473684210527 0.5 0.6842105263157895 0.42451698999997134 0.33237554999997954 0.24310746000005062 7.764717033748036E-5 4.990897319592791E-5 2.5552156348050692E-5
0.5789473684210527 0.5 0.7368421052631579 0.4206493199999683 0.3458180199999769 0.23353266000005196 4.092816353767903E-5 3.3509915277618596E-5 1.5191905324070387E-5
0.5789473684210527 0.5 0.7894736842105263 0.4223819299999683 0.3537968099999771 0.2238212600000528 3.536717647364962E-5 3.242722482257876E-5 1.2874998012842032E-5
0.5789473684210527 0.5 0.8421052631578947 0.42255608999996896 0.3630974399999743 0.21434647000005422 3.45948729117973E-5 2.7231113448183963E-5 2.0334251539008696E-5
0.5789473684210527 0.5 0.8947368421052632 0.42366166999996957 0.36982464999997533 0.20651368000005474 4.05338818109946E-5 2.9974471376564837E-5 1.4918372857095075E-5
0.5789473684210527 0.5 0.9473684210526315 0.4262904799999692 0.37541825999997375 0.198291260000055 4.971053536870218E-5 3.639164057439581E-5 1.776314961321468E-5
0.5789473684210527 0.5 1.0 0.4302788999999683 0.3799941599999739 0.189726940000057 3.9398250790939615E-5 3.366597389534154E-5 1.5851642236573704E-5

0.631578947368421 0.5 0.0 0.09579999999998821 1.34449999999997E-4 0.904065550000114 2.2950391587173158E-15 3.7868019749999357E-7 3.786799096516802E-7
0.631578947368421 0.5 0.05263157894736842 0.8134918199999326 0.009190400000000067 0.17731778000007406 0.019677852013079145 6.54514118399985E-5 0.020098543745865644
0.631578947368421 0.5 0.10526315789473684 0.6677309499999456 0.05288812000000008 0.2793809300000562 0.004673751877090626 2.2092717286565332E-4 0.003960825285333924
0.631578947368421 0.5 0.15789473684210525 0.5205777099999562 0.11440316000000064 0.3650191300000376 5.527621481563605E-4 1.0027719001480355E-4 3.869449210429088E-4
0.631578947368421 0.5 0.21052631578947367 0.47179467999996455 0.1551886799999993 0.37301664000003576 2.3756282969869535E-4 7.197405185775316E-5 1.576338791096643E-4
0.631578947368421 0.5 0.2631578947368421 0.440456839999969 0.19330108999999468 0.36624207000003794 9.298196521329016E-5 3.869744781161144E-5 4.9353269113372455E-5
0.631578947368421 0.5 0.3157894736842105 0.4159935199999723 0.22575225999999232 0.35825422000003826 1.297760000063819E-4 4.736846289141172E-5 6.135741619114898E-5
0.631578947368421 0.5 0.3684210526315789 0.4042356199999708 0.2525603599999891 0.3432040200000403 4.09140352148063E-5 3.1663174671500705E-5 2.3824487839857467E-5
0.631578947368421 0.5 0.42105263157894735 0.396091549999974 0.27551977999998495 0.3283886700000411 4.0618121594643286E-5 2.618838675154389E-5 2.6677312632131245E-5
0.631578947368421 0.5 0.47368421052631576 0.3964460699999722 0.2928996599999831 0.31065427000004237 5.08497165546129E-5 3.813968588560479E-5 3.186555776903133E-5
0.631578947368421 0.5 0.5263157894736842 0.3924058699999707 0.3114763599999808 0.2961177700000442 4.6389628543808126E-5 3.0846053151470376E-5 2.327823122687256E-5
0.631578947368421 0.5 0.5789473684210527 0.3917534699999713 0.3260191799999788 0.28222735000004545 7.87579019592699E-5 4.872440212767837E-5 3.008309297831968E-5
0.631578947368421 0.5 0.631578947368421 0.38733969999997203 0.34213844999997833 0.270521850000049 4.488682790987353E-5 4.46640405951243E-5 2.1475595576747608E-5
0.631578947368421 0.5 0.6842105263157895 0.390145749999972 0.3531259699999775 0.25672828000004944 3.57115359373994E-5 3.0450832558495677E-5 1.945324024126005E-5
0.631578947368421 0.5 0.7368421052631579 0.3909222899999728 0.3629471899999754 0.2461305200000515 4.065061015473548E-5 3.376104210323083E-5 2.2685648528322777E-5
0.631578947368421 0.5 0.7894736842105263 0.3933771799999741 0.37172237999997443 0.23490044000005184 4.7574405244749096E-5 4.031867113668541E-5 1.716302980608181E-5
0.631578947368421 0.5 0.8421052631578947 0.3951071399999741 0.37995895999997603 0.22493390000005392 4.029066701827233E-5 3.5917607717067535E-5 1.562002678996699E-5
0.631578947368421 0.5 0.8947368421052632 0.3970923699999726 0.3854822499999731 0.21742538000005404 4.301733478206948E-5 3.619072393851175E-5 1.9700579855404243E-5
0.631578947368421 0.5 0.9473684210526315 0.39650533999997023 0.3953932099999732 0.20810145000005484 3.2730833485511424E-5 3.3510484894694326E-5 1.3839634896969932E-5
0.631578947368421 0.5 1.0 0.39939927999997366 0.4011339599999723 0.1994667600000563 4.1201721479394715E-5 3.957476471758148E-5 1.520610510261089E-5

0.6842105263157895 0.5 0.0 0.08990000000000371 1.1161000000000021E-4 0.9099883900000233 6.401129626354418E-16 4.1176020789999986E-7 4.1176020504352095E-7
0.6842105263157895 0.5 0.05263157894736842 0.8306996299999201 0.006399249999999999 0.16290112000007514 0.022245028328879868 3.72387464375004E-5 0.022404717528739168
0.6842105263157895 0.5 0.10526315789473684 0.6163741499999456 0.06250776000000069 0.32111809000005037 0.004872278888779835 3.200746037824685E-4 0.003840748093750762
0.6842105263157895 0.5 0.15789473684210525 0.5066931899999596 0.11691489000000095 0.37639192000003596 7.051657626241381E-4 1.3559206928820747E-4 4.560882187136517E-4
0.6842105263157895 0.5 0.21052631578947367 0.435821419999968 0.166619849999998 0.39755873000003245 2.0773811118413033E-4 6.891401497742533E-5 9.734016778861765E-5
0.6842105263157895 0.5 0.2631578947368421 0.40730837999997216 0.20468683999999418 0.38800478000003286 6.35613657737899E-5 2.1969136814063706E-5 3.781155715321116E-5
0.6842105263157895 0.5 0.3157894736842105 0.38597239999997446 0.2379204199999905 0.3761071800000357 1.0142692224002214E-4 5.262486502431024E-5 3.48761764482064E-5
0.6842105263157895 0.5 0.3684210526315789 0.37310597999997436 0.2665718899999877 0.36032213000003654 4.652054024120722E-5 2.9690050827674286E-5 2.9440333263880403E-5
0.6842105263157895 0.5 0.42105263157894735 0.369573789999975 0.2871950099999846 0.3432312000000387 7.095103203566544E-5 4.1110658099835495E-5 3.256830656067633E-5
0.6842105263157895 0.5 0.47368421052631576 0.36382613999997676 0.30937155999998206 0.3268023000000423 4.386421270008434E-5 2.9585831167217025E-5 2.6883874710462163E-5
0.6842105263157895 0.5 0.5263157894736842 0.36396192999997623 0.3261666399999786 0.30987143000004275 5.03827296754189E-5 3.427258311167192E-5 2.2436782755236306E-5
0.6842105263157895 0.5 0.5789473684210527 0.3623982199999751 0.3419688999999788 0.29563288000004645 4.536992083234437E-5 3.511645678692943E-5 2.3252966904627193E-5
0.6842105263157895 0.5 0.631578947368421 0.36323573999997616 0.3568787799999751 0.27988548000004687 4.469313265278996E-5 3.89126097129211E-5 2.2775339169500697E-5
0.6842105263157895 0.5 0.6842105263157895 0.36491942999997606 0.36685776999997605 0.2682228000000493 3.330985747440618E-5 2.9410317627404092E-5 1.8581654158772443E-5
0.6842105263157895 0.5 0.7368421052631579 0.3668294099999753 0.3773752799999756 0.2557953100000494 3.515648605223465E-5 2.601196692253449E-5 2.213332300304849E-5
0.6842105263157895 0.5 0.7894736842105263 0.367838709999975 0.38730409999997334 0.24485719000005027 4.3987920535698555E-5 4.155462118823894E-5 1.853219030376052E-5
0.6842105263157895 0.5 0.8421052631578947 0.3703020599999749 0.3950908699999724 0.23460707000005168 4.120326975642907E-5 3.635600764220759E-5 1.664294301468444E-5
0.6842105263157895 0.5 0.8947368421052632 0.3701904499999766 0.40425369999997374 0.2255558500000531 3.111114579615326E-5 2.850384830607733E-5 1.4386717777509217E-5
0.6842105263157895 0.5 0.9473684210526315 0.3716080399999758 0.41129903999997275 0.217092920000054 3.046858735797353E-5 2.7854331076576644E-5 1.939787587328795E-5
0.6842105263157895 0.5 1.0 0.3733452599999743 0.41788310999997214 0.2087716300000552 4.168538753365758E-5 4.169515972407556E-5 2.098744814259257E-5

0.7368421052631579 0.5 0.0 0.07820000000000384 1.4095000000000058E-4 0.9216590499999747 -1.631507429156187E-15 4.799600975000057E-7 4.799601380778284E-7
0.7368421052631579 0.5 0.05263157894736842 0.862504469999926 0.0010794300000000123 0.13641610000007928 0.030585177074996417 1.2246363875100018E-5 0.029644988372782996
0.7368421052631579 0.5 0.10526315789473684 0.5681246199999535 0.07199648000000106 0.35987890000004397 0.0030516888318543045 2.3019375360967646E-4 0.0023595602467887666
0.7368421052631579 0.5 0.15789473684210525 0.46191901999996854 0.12804576000000142 0.4100352200000331 3.34240514237083E-4 6.406422002282544E-5 2.3104234954884895E-4
0.7368421052631579 0.5 0.21052631578947367 0.4097734199999724 0.17447329999999725 0.41575328000002915 1.240895915008977E-4 4.267755310960117E-5 6.613834324062373E-5
0.7368421052631579 0.5 0.2631578947368421 0.3761171999999764 0.21573229999999163 0.40815050000003283 1.5899722015758067E-4 5.405343271049773E-5 6.132786174811722E-5
0.7368421052631579 0.5 0.3157894736842105 0.35977420999997634 0.24726892999999017 0.39295686000003444 1.5891237587445373E-4 6.509124365467606E-5 6.143583693929422E-5
0.7368421052631579 0.5 0.3684210526315789 0.34739674999997716 0.2767236899999861 0.3758795600000364 5.4917988435307374E-5 3.5051311783246275E-5 3.239748420516553E-5
0.7368421052631579 0.5 0.42105263157894735 0.3445904299999785 0.2998207999999828 0.35558877000003575 5.0956475411395585E-5 3.67851293609639E-5 2.200166688895444E-5
0.7368421052631579 0.5 0.47368421052631576 0.34140687999998015 0.3219690999999812 0.33662402000004144 3.2080374661500044E-5 2.970662119079759E-5 2.2225541037770857E-5
0.7368421052631579 0.5 0.5263157894736842 0.34023589999997866 0.33754412999997807 0.3222199700000404 4.357027918781842E-5 3.74008695415845E-5 1.4605542200715749E-5
0.7368421052631579 0.5 0.5789473684210527 0.33929643999997805 0.35418039999997897 0.3065231600000445 3.7535597324250825E-5 2.7796101837784803E-5 2.1303079613121945E-5
0.7368421052631579 0.5 0.631578947368421 0.3426083899999781 0.36609956999997517 0.2912920400000448 4.719200460540085E-5 3.631446481619505E-5 2.522588063869069E-5
0.7368421052631579 0.5 0.6842105263157895 0.3413533999999767 0.3803907299999746 0.27825587000004764 4.3654528438158424E-5 4.310089306630571E-5 1.9012183541958216E-5
0.7368421052631579 0.5 0.7368421052631579 0.3440323199999792 0.39035554999997374 0.26561213000004863 4.2866513413647445E-5 4.007937919561777E-5 2.3292725862544827E-5
0.7368421052631579 0.5 0.7894736842105263 0.34480460999997736 0.4009878199999709 0.2542075700000496 4.2768507745011286E-5 3.8228961646985526E-5 1.729611369417905E-5
0.7368421052631579 0.5 0.8421052631578947 0.3466254199999786 0.4101005399999706 0.24327404000005057 3.461649382009713E-5 3.6704919708058226E-5 1.761005807804361E-5
0.7368421052631579 0.5 0.8947368421052632 0.34796153999997836 0.4182289999999695 0.2338094600000514 3.312508682645765E-5 3.1818260999655346E-5 2.152396650900723E-5
0.7368421052631579 0.5 0.9473684210526315 0.3492753599999784 0.4259532999999692 0.22477134000005353 3.436613886810547E-5 3.120755910968054E-5 1.679492060432941E-5
0.7368421052631579 0.5 1.0 0.35301570999997733 0.43122021999996735 0.21576407000005388 2.4935726195177144E-5 2.7265793153208318E-5 1.4600280034804403E-5

0.7894736842105263 0.5 0.0 0.08010000000001467 1.0236999999999901E-4 0.9197976300001343 -2.594278958323315E-15 3.131373830999964E-7 3.131370026610014E-7
0.7894736842105263 0.5 0.05263157894736842 0.7491526899999408 0.019253360000000136 0.23159395000006494 0.02439519094274556 4.4726675471040933E-4 0.02250171936839187
0.7894736842105263 0.5 0.10526315789473684 0.5306373499999594 0.08007955000000157 0.3892831000000421 0.0026956172839736614 2.8747780679745996E-4 0.002025548438389424
0.7894736842105263 0.5 0.15789473684210525 0.4319355699999677 0.13592093000000138 0.43214350000002866 4.863037557757688E-4 1.146500129353932E-4 2.8135197975426296E-4
0.7894736842105263 0.5 0.21052631578947367 0.383880389999974 0.18350956999999476 0.4326100400000292 1.1423424444687025E-4 4.803516941534469E-5 5.8590709202444025E-5
0.7894736842105263 0.5 0.2631578947368421 0.35657695999997663 0.221641329999991 0.421781710000031 1.2956153315721308E-4 5.550707283115408E-5 6.576667047517026E-5
0.7894736842105263 0.5 0.3157894736842105 0.337618259999979 0.2564230599999879 0.4059586800000343 7.816953856974729E-5 5.3267460237607644E-5 4.2033864653734376E-5
0.7894736842105263 0.5 0.3684210526315789 0.33044326999997997 0.2840534499999851 0.38550328000003337 7.809417270643326E-5 4.634654609772526E-5 4.875186924330199E-5
0.7894736842105263 0.5 0.42105263157894735 0.32473071999997943 0.30812646999998294 0.36714281000003784 4.386428028309297E-5 3.631613234020281E-5 2.6843254302633124E-5
0.7894736842105263 0.5 0.47368421052631576 0.319271519999981 0.3308031199999805 0.34992536000003854 7.167113088933641E-5 4.971740426390481E-5 3.4796016870064506E-5
0.7894736842105263 0.5 0.5263157894736842 0.3197624399999798 0.34893250999997816 0.3313050500000402 2.596117324829561E-5 2.7664878097063972E-5 1.9686657498310667E-5
0.7894736842105263 0.5 0.5789473684210527 0.31983432999998107 0.3647542699999739 0.31541140000004314 3.4455612451689266E-5 3.063431776925696E-5 1.9689254042484783E-5
0.7894736842105263 0.5 0.631578947368421 0.3217287899999821 0.3788772099999765 0.2993940000000446 4.057328813523997E-5 3.4269853614821155E-5 1.9165323999550954E-5
0.7894736842105263 0.5 0.6842105263157895 0.3227747799999825 0.391101289999973 0.2861239300000453 2.75016059507055E-5 2.8495037335429796E-5 1.7248372356157282E-5
0.7894736842105263 0.5 0.7368421052631579 0.323804139999983 0.4030561399999728 0.27313972000004694 3.5692956859401104E-5 3.1677886298819846E-5 2.0240772321489242E-5
0.7894736842105263 0.5 0.7894736842105263 0.32679107999998047 0.41237801999997226 0.2608309000000489 3.89487744328898E-5 2.923161887824488E-5 2.3165209189032754E-5
0.7894736842105263 0.5 0.8421052631578947 0.327999819999979 0.4205286899999705 0.2514714900000499 2.32966459684375E-5 2.5346317880842184E-5 1.6415256178931026E-5
0.7894736842105263 0.5 0.8947368421052632 0.32847064999998216 0.4302538299999674 0.2412755200000513 3.533648157594271E-5 3.495636533235036E-5 1.7135538729243227E-5
0.7894736842105263 0.5 0.9473684210526315 0.3319242099999801 0.4369854199999699 0.23109037000005248 2.4186346874108255E-5 2.0618021423390864E-5 1.5286570262847132E-5
0.7894736842105263 0.5 1.0 0.3335572099999788 0.4436548599999691 0.22278793000005442 3.552200801412719E-5 3.1682892380729966E-5 1.822479131468463E-5

0.8421052631578947 0.5 0.0 0.07370000000000723 1.4812999999999486E-4 0.9261518700001382 6.591949208711867E-17 4.0598850309999803E-7 4.059880845952435E-7
0.8421052631578947 0.5 0.05263157894736842 0.8560135999999066 0.001285079999999999 0.14270132000007862 0.03308154631107352 1.4965483393599811E-5 0.031980871706250594
0.8421052631578947 0.5 0.10526315789473684 0.5069111799999612 0.0823195300000016 0.4107692900000382 0.0027615442970070347 3.203093015789922E-4 0.0020918647698961734
0.8421052631578947 0.5 0.15789473684210525 0.41294686999997016 0.1402500100000011 0.44680312000002714 4.284924262022982E-4 1.058242179996019E-4 2.45250926267343E-4
0.8421052631578947 0.5 0.21052631578947367 0.36375905999997643 0.18919782999999535 0.4470431100000276 1.5412117791593904E-4 5.232644829041705E-5 9.560195852906239E-5
0.8421052631578947 0.5 0.2631578947368421 0.33377527999997764 0.22927348999999067 0.43695123000002906 7.720663092125601E-5 3.6288204219366016E-5 4.486178249082928E-5
0.8421052631578947 0.5 0.3157894736842105 0.31419820999998116 0.2662280899999865 0.4195737000000311 4.389660579730281E-5 2.792383595205672E-5 2.3608978308997663E-5
0.8421052631578947 0.5 0.3684210526315789 0.31013784999998184 0.2929214899999836 0.3969406600000323 5.843715237828506E-5 3.9425339180984564E-5 3.0022366763915453E-5
0.8421052631578947 0.5 0.42105263157894735 0.3065206799999836 0.31695626999998217 0.37652305000003605 3.2481246337284775E-5 2.6866210687842562E-5 2.390244569686062E-5
0.8421052631578947 0.5 0.47368421052631576 0.30174591999998324 0.33836971999997895 0.35988436000003765 3.538107735438778E-5 2.9921623119266716E-5 2.4070157389921576E-5
0.8421052631578947 0.5 0.5263157894736842 0.3012558299999812 0.35831076999997646 0.34043340000004096 2.659576001329267E-5 2.4450281007504238E-5 2.0508514439576686E-5
0.8421052631578947 0.5 0.5789473684210527 0.30256685999998356 0.37337940999997526 0.3240537300000407 3.2833399740972435E-5 2.856076905136118E-5 2.2468524089436226E-5
0.8421052631578947 0.5 0.631578947368421 0.3029541199999813 0.3886351599999716 0.3084107200000449 3.166716302738237E-5 2.9712243774820957E-5 2.0646601080101523E-5
0.8421052631578947 0.5 0.6842105263157895 0.30527823999998316 0.4018885299999725 0.2928332300000452 2.5587176502528397E-5 2.4161647437570544E-5 2.0456564766735408E-5
0.8421052631578947 0.5 0.7368421052631579 0.30688296999998205 0.4126203799999702 0.2804966500000477 3.027008697975564E-5 2.994307465523094E-5 2.2009345777104783E-5
0.8421052631578947 0.5 0.7894736842105263 0.30670295999998226 0.4241892099999675 0.2691078300000489 4.221979923914321E-5 4.0623276576612355E-5 1.9057791690313408E-5
0.8421052631578947 0.5 0.8421052631578947 0.30802237999998194 0.4348483199999682 0.2571293000000495 2.6989955136821897E-5 2.4829149178728915E-5 1.88959595090743E-5
0.8421052631578947 0.5 0.8947368421052632 0.3118244599999814 0.44169031999996783 0.24648522000004963 3.5814795709646075E-5 3.59076422989657E-5 2.0949013551478657E-5
0.8421052631578947 0.5 0.9473684210526315 0.3144807499999837 0.4473848799999681 0.23813437000005208 3.9783760437034354E-5 4.422524938604844E-5 1.7541831702064248E-5
0.8421052631578947 0.5 1.0 0.315092539999983 0.45623530999996686 0.22867215000005225 3.3516580348530445E-5 3.0994636202347214E-5 2.116076537753836E-5

0.8947368421052632 0.5 0.0 0.06749999999999833 9.461999999999969E-5 0.9324053800001639 8.94249951866044E-16 2.2889105559999975E-7 2.2889094752898131E-7
0.8947368421052632 0.5 0.05263157894736842 0.6346620699999471 0.027985610000000265 0.3373523200000556 0.02141164407830959 6.382825399279104E-4 0.019201404768612276
0.8947368421052632 0.5 0.10526315789473684 0.4896095799999632 0.086391170000002 0.42399925000003685 0.0032335944642186143 4.041007610310664E-4 0.0023841714944378145
0.8947368421052632 0.5 0.15789473684210525 0.388117179999974 0.14628016 0.46560266000002354 1.8408178484660698E-4 6.657713637437529E-5 1.0539233092424216E-4
0.8947368421052632 0.5 0.21052631578947367 0.347155569999978 0.19267576999999417 0.4601686600000265 6.872877297309232E-5 2.5433589906954934E-5 4.0401569802339665E-5
0.8947368421052632 0.5 0.2631578947368421 0.31919435999998136 0.23241253999999173 0.4483931000000286 7.103320419085679E-5 4.1339796746947544E-5 4.0895962392928364E-5
0.8947368421052632 0.5 0.3157894736842105 0.29845015999998353 0.2726387199999846 0.42891112000002984 5.167910797390651E-5 4.4009246762372056E-5 3.450014435005255E-5
0.8947368421052632 0.5 0.3684210526315789 0.2929848399999845 0.29933232999998316 0.40768283000003436 5.4522502174289555E-5 3.6464967772070755E-5 2.9096832187935906E-5
0.8947368421052632 0.5 0.42105263157894735 0.28833205999998507 0.326291189999979 0.3853767500000363 4.707637415640731E-5 3.749496138463759E-5 2.890732643653915E-5
0.8947368421052632 0.5 0.47368421052631576 0.28506009999998466 0.34836640999997737 0.36657349000003664 4.3571741989684165E-5 4.447872471009806E-5 2.4254168219606242E-5
0.8947368421052632 0.5 0.5263157894736842 0.28501834999998504 0.3667848199999762 0.34819683000003954 2.932727627760756E-5 2.5188759567612573E-5 1.8967544952216975E-5
0.8947368421052632 0.5 0.5789473684210527 0.2873590299999849 0.3820143999999731 0.33062657000004037 3.4049390458965045E-5 3.6764028640806634E-5 2.3846467036292562E-5
0.8947368421052632 0.5 0.631578947368421 0.288321159999985 0.3976112799999729 0.31406756000004193 2.9290132253639856E-5 3.115162675931815E-5 2.2573965649017036E-5
0.8947368421052632 0.5 0.6842105263157895 0.2902249399999851 0.4098149299999714 0.2999601300000434 2.716673999664243E-5 2.6247764093795256E-5 1.8674843382956996E-5
0.8947368421052632 0.5 0.7368421052631579 0.29031063999998447 0.42322068999996876 0.28646867000004644 2.3469470791015468E-5 2.440199492279027E-5 1.390817743121553E-5
0.8947368421052632 0.5 0.7894736842105263 0.29329459999998375 0.4321104699999672 0.27459493000004814 2.9623934840891653E-5 3.39719533811178E-5 1.7305049294522035E-5
0.8947368421052632 0.5 0.8421052631578947 0.2932612999999848 0.4440829199999704 0.26265578000004863 3.46949623104692E-5 3.553395827163297E-5 1.9757584591093003E-5
0.8947368421052632 0.5 0.8947368421052632 0.2957232199999831 0.45175415999996665 0.2525226200000495 2.0527206832807177E-5 1.953835669490922E-5 1.5168396335432655E-5
0.8947368421052632 0.5 0.9473684210526315 0.29882875999998326 0.4589178499999653 0.24225339000005025 2.4781106863491775E-5 3.051916637814012E-5 1.8211284507900494E-5
0.8947368421052632 0.5 1.0 0.29984880999998187 0.46706069999996846 0.23309049000005214 2.761577458552933E-5 3.170246750716643E-5 1.4987542559824485E-5

0.9473684210526315 0.5 0.0 0.06289999999999447 1.0103999999999864E-4 0.9369989600001755 1.8561541192951836E-16 3.13446918399993E-7 3.134467356780135E-7
0.9473684210526315 0.5 0.05263157894736842 0.663254069999945 0.025770840000000225 0.3109750900000576 0.02803939935142097 6.423570216944126E-4 0.02503509507248465
0.9473684210526315 0.5 0.10526315789473684 0.46601727999996656 0.08930224000000146 0.4446804800000341 0.0016888156633992624 2.4396498498235886E-4 0.0012607174389695497
0.9473684210526315 0.5 0.15789473684210525 0.37919613999997226 0.14758203999999964 0.4732218200000242 3.379817771007043E-4 1.0405202743848929E-4 1.899876618863261E-4
0.9473684210526315 0.5 0.21052631578947367 0.32802629999997895 0.19885219999999518 0.47312150000002556 7.163428031062291E-5 3.5284817159274284E-5 3.6451867747033795E-5
0.9473684210526315 0.5 0.2631578947368421 0.3023759299999824 0.2413567099999888 0.45626736000002543 6.0042405635771234E-5 3.8817822976884575E-5 3.1807654631316185E-5
0.9473684210526315 0.5 0.3157894736842105 0.2884475899999849 0.2753850399999866 0.4361673700000287 5.462049419172055E-5 3.2198574197894736E-5 2.9053834287834368E-5
0.9473684210526315 0.5 0.3684210526315789 0.2772065299999866 0.3068601299999823 0.41593334000003324 3.9830148358357964E-5 2.8273927383998254E-5 2.5830848441127374E-5
0.9473684210526315 0.5 0.42105263157894735 0.27284345999998716 0.3322907399999776 0.3948658000000347 2.90950952276936E-5 2.8252862252359234E-5 2.0790620359201206E-5
0.9473684210526315 0.5 0.47368421052631576 0.272949719999987 0.3536443099999776 0.37340597000003806 3.6401327921140036E-5 3.541874562337788E-5 3.112958335702021E-5
0.9473684210526315 0.5 0.5263157894736842 0.272017049999987 0.37350851999997664 0.3544744300000377 3.9142934296548804E-5 3.233864940807574E-5 2.9254273175877143E-5
0.9473684210526315 0.5 0.5789473684210527 0.27110699999998567 0.391345489999974 0.3375475100000401 3.1941133000409905E-5 3.814422565687203E-5 2.5927189800489803E-5
0.9473684210526315 0.5 0.631578947368421 0.2741517399999863 0.40516768999997044 0.3206805700000431 3.0126848971856468E-5 3.70673050643644E-5 2.344698147624391E-5
0.9473684210526315 0.5 0.6842105263157895 0.2756158199999852 0.41837015999997035 0.30601402000004474 3.485106372758118E-5 4.0245235573665994E-5 2.6504009438682585E-5
0.9473684210526315 0.5 0.7368421052631579 0.2774239399999845 0.4305979899999685 0.29197807000004317 2.326379087674857E-5 3.1910154959846615E-5 1.8587290076144125E-5
0.9473684210526315 0.5 0.7894736842105263 0.27945966999998567 0.4405166899999684 0.2800236400000468 3.038413649038285E-5 3.7156700445822866E-5 2.1501951149915932E-5
0.9473684210526315 0.5 0.8421052631578947 0.28039356999998605 0.45120840999996503 0.26839802000004737 2.599252765476956E-5 2.753199427202313E-5 1.7786082079640497E-5
0.9473684210526315 0.5 0.8947368421052632 0.2819458099999863 0.4614288599999635 0.25662533000004917 2.6769658443517863E-5 3.5794221103835344E-5 2.056731339057649E-5
0.9473684210526315 0.5 0.9473684210526315 0.28442239999998453 0.46838033999996254 0.2471972600000504 2.7543500239965435E-5 3.5370357488795356E-5 1.9962264491392434E-5
0.9473684210526315 0.5 1.0 0.2856738899999856 0.47631945999996333 0.238006650000051 2.664499326787695E-5 2.9202941312561626E-5 1.833649277713928E-5

1.0 0.5 0.0 0.05520000000000433 8.56799999999995E-5 0.9447143200000649 -1.0538445116559103E-15 2.326269375999953E-7 2.326265967633745E-7
1.0 0.5 0.05263157894736842 0.6271718399999463 0.027234200000000333 0.3455939600000514 0.021053608489007836 6.24625808359989E-4 0.018897314683514577
1.0 0.5 0.10526315789473684 0.44473135999996843 0.09503681000000203 0.46023183000003076 0.0013503251665475668 2.4183934202379187E-4 9.512352638514632E-4
1.0 0.5 0.15789473684210525 0.35678248999997775 0.15529821999999868 0.4879192900000228 2.7244791239744437E-4 8.947437083182616E-5 1.1707612489089692E-4
1.0 0.5 0.21052631578947367 0.31295781999998207 0.20314319999999372 0.4838989800000235 1.3396172084728653E-4 5.813357975987393E-5 6.895599095610438E-5
1.0 0.5 0.2631578947368421 0.28525392999998544 0.24692163999998817 0.46782443000002927 4.5872938554542E-5 3.595436171172778E-5 3.091516016959228E-5
1.0 0.5 0.3157894736842105 0.2734696399999866 0.2813894699999859 0.44514089000002915 7.666715027031257E-5 5.898618611875628E-5 3.9664947008966056E-5
1.0 0.5 0.3684210526315789 0.2670625599999853 0.3098008799999819 0.4231365600000284 3.3387318247382614E-5 2.6040761225865072E-5 2.376300736853243E-5
1.0 0.5 0.42105263157894735 0.260985509999988 0.33827854999997964 0.400735940000035 2.965736704027555E-5 3.292881889452315E-5 2.3531560311235156E-5
1.0 0.5 0.47368421052631576 0.2595443499999877 0.36058943999997745 0.3798662100000359 2.6680002077658638E-5 2.8735950485636597E-5 2.408564923439549E-5
1.0 0.5 0.5263157894736842 0.258524159999987 0.382028659999976 0.35944718000003906 2.644754029543228E-5 3.1157488604133254E-5 2.5278554045021773E-5
1.0 0.5 0.5789473684210527 0.25828879999998844 0.39936217999997303 0.342349020000039 2.70126205599297E-5 2.903946564519755E-5 2.0179385040466902E-5
1.0 0.5 0.631578947368421 0.26072532999998654 0.41328327999997044 0.325991390000041 2.9142981392199507E-5 3.248558044102734E-5 2.0799590869147178E-5
1.0 0.5 0.6842105263157895 0.26219604999998836 0.4255861599999686 0.3122177900000438 3.171124739707876E-5 3.9345414454439176E-5 2.2830764515729962E-5
1.0 0.5 0.7368421052631579 0.26338198999998647 0.43953763999996665 0.2970803700000458 2.4545616640614387E-5 2.5489139233059177E-5 2.0710595662054576E-5
1.0 0.5 0.7894736842105263 0.2663671999999872 0.44833975999996867 0.2852930400000461 2.2954864159888122E-5 2.9469427142214677E-5 1.9336295558114447E-5
1.0 0.5 0.8421052631578947 0.2677431699999854 0.4600282599999636 0.2722285700000478 3.1251865352383E-5 3.324671137461266E-5 2.2055710754934066E-5
1.0 0.5 0.8947368421052632 0.2698061799999868 0.46870560999996413 0.2614882100000487 3.10395938072916E-5 3.504677353019514E-5 2.3345519995110475E-5
1.0 0.5 0.9473684210526315 0.27169634999998593 0.47653739999996453 0.25176625000005043 2.884039967748775E-5 3.2150583239881625E-5 1.671219193634388E-5
1.0 0.5 1.0 0.2747286199999859 0.48318105999996347 0.2420903200000504 2.2571340895685688E-5 3.4022891277768474E-5 1.763115829774009E-5

