0.0 0.1 0.0 0.3281999999999319 0.012611589999999761 0.6591884100001338 4.207745263329343E-14 6.059062166719083E-4 6.059062164462947E-4
0.0 0.1 0.05263157894736842 0.8935522799999105 0.012796050000000041 0.09365167000008337 0.01603474784080039 6.022866373974767E-4 0.010797854011208656
0.0 0.1 0.10526315789473684 0.9522239599999012 0.012861539999999012 0.0349145000000865 0.006799829175966776 6.470203348283585E-4 0.0032909710977496527
0.0 0.1 0.15789473684210525 0.9691212199998684 0.012226349999999843 0.018652430000091383 0.00365695589584325 6.037875106775099E-4 0.001291099612094504
0.0 0.1 0.21052631578947367 0.9754446299998621 0.01278367999999951 0.011771690000089008 0.0024264992992792944 6.603732336575652E-4 5.555402815436502E-4
0.0 0.1 0.2631578947368421 0.9802038299999182 0.011675329999999706 0.008120840000089202 0.001598123092410697 5.622081503910754E-4 2.6496970769426115E-4
0.0 0.1 0.3157894736842105 0.9821072099998766 0.011653919999999438 0.006238870000092359 0.0013192178931451526 5.393843106335611E-4 1.720095701229914E-4
0.0 0.1 0.3684210526315789 0.9826801999998646 0.01276429999999946 0.004555500000092168 0.0011784839740590636 6.347474915099999E-4 8.37671537499063E-5
0.0 0.1 0.42105263157894735 0.9841923999998271 0.01205994999999943 0.0037476500000926927 0.0010106654784219904 5.77003722997503E-4 6.067742847742206E-5
0.0 0.1 0.47368421052631576 0.9842374499998349 0.012292389999999626 0.0034701600000927916 0.0010061240506687996 6.09087391087902E-4 4.981696557433278E-5
0.0 0.1 0.5263157894736842 0.9848446499998557 0.012202569999999715 0.002952780000092762 9.332453334921498E-4 6.051710863950937E-4 3.5559932271552114E-5
0.0 0.1 0.5789473684210527 0.9856371799998305 0.011750559999999919 0.002612260000092884 8.586078698397115E-4 5.613554496863863E-4 3.1663391692356275E-5
0.0 0.1 0.631578947368421 0.9857888899998966 0.01201287999999997 0.002198230000092829 7.800373496470447E-4 5.603244261055912E-4 1.8275467867068598E-5
0.0 0.1 0.6842105263157895 0.9855588399998868 0.01229321999999957 0.0021479400000928043 8.566204639437469E-4 6.25808890031585E-4 1.8282401756367573E-5
0.0 0.1 0.7368421052631579 0.9851572299998005 0.012947199999999342 0.0018955700000919066 8.244271119889346E-4 6.303683641600014E-4 1.3096163375074814E-5
0.0 0.1 0.7894736842105263 0.9849608699998994 0.013228069999999793 0.0018110600000917573 8.978504279043564E-4 6.939022530751068E-4 1.3252409676374672E-5
0.0 0.1 0.8421052631578947 0.9867469999999138 0.011575259999999685 0.0016777400000919944 7.026248870194429E-4 5.292463419323761E-4 1.2401420492377512E-5
0.0 0.1 0.8947368421052632 0.9859668199999059 0.012453959999999509 0.0015792200000919107 7.859369271497885E-4 6.171884623184054E-4 1.0332042191578253E-5
0.0 0.1 0.9473684210526315 0.986809729999767 0.011749119999999658 0.001441150000092048 7.125986926496131E-4 5.681835932255948E-4 8.289859677481347E-6
0.0 0.1 1.0 0.9867111699998558 0.011935969999999808 0.001352860000091957 7.3126380037003E-4 5.887760311590867E-4 7.873905820381545E-6

0.05263157894736842 0.1 0.0 0.1912876300000305 0.02412412000000214 0.7845882499999872 9.657234196645825E-5 0.0017050189442254012 0.0025922889530006765
0.05263157894736842 0.1 0.05263157894736842 0.7434199999999397 0.06682546999999914 0.1897545300000632 0.019726179405985977 0.0017704406922792277 0.009787656973476201
0.05263157894736842 0.1 0.10526315789473684 0.7733318099999227 0.1055028600000019 0.12116533000006828 0.008545157331124487 0.0015109628858197069 0.0028969024469903196
0.05263157894736842 0.1 0.15789473684210525 0.7773252699999298 0.12986541999999965 0.0928093100000689 0.004731751898430447 0.0013452362562235698 0.0010595324523235902
0.05263157894736842 0.1 0.21052631578947367 0.7857504899999337 0.1414876899999986 0.07276182000006988 0.003951789257738647 0.0015198909654633788 5.777706522874472E-4
0.05263157894736842 0.1 0.2631578947368421 0.7691698399999329 0.16582210999999772 0.06500805000007018 0.002074825406374714 9.433066881478734E-4 2.2646839819750065E-4
0.05263157894736842 0.1 0.3157894736842105 0.7653792499999382 0.17761966999999693 0.05700108000007077 0.0018357483084359139 0.001023639108090564 1.214562428336289E-4
0.05263157894736842 0.1 0.3684210526315789 0.7731051799999221 0.17847407999999665 0.04842074000007242 0.002160472467190533 0.0012996295521532503 1.1388730185229578E-4
0.05263157894736842 0.1 0.42105263157894735 0.7775300299999308 0.17935553999999607 0.04311443000007247 0.001608410181202058 0.0010175656633084895 7.205490077515585E-5
0.05263157894736842 0.1 0.47368421052631576 0.7704838399999303 0.189039279999995 0.04047688000007286 8.502731948440978E-4 5.390638250809196E-4 3.878637946567705E-5
0.05263157894736842 0.1 0.5263157894736842 0.781918149999924 0.18226036999999576 0.03582148000007394 0.001360184075591131 9.299744104628652E-4 4.419452260955828E-5
0.05263157894736842 0.1 0.5789473684210527 0.7769104099999277 0.18990240999999583 0.033187180000073764 0.0013202160666443419 9.416584671909506E-4 3.6084509647540345E-5
0.05263157894736842 0.1 0.631578947368421 0.7737633599999334 0.19513590999999517 0.031100730000074125 0.0014081626455062501 0.0010546976614707812 2.831143246708758E-5
0.05263157894736842 0.1 0.6842105263157895 0.7690701499999365 0.20144047999999404 0.029489370000074462 0.0014543542279702448 0.0011400345593686537 2.1056104003097133E-5
0.05263157894736842 0.1 0.7368421052631579 0.7690354899999275 0.2033579399999927 0.027606570000074934 9.058141834709099E-4 7.062170569567122E-4 1.5336999835090714E-5
0.05263157894736842 0.1 0.7894736842105263 0.7715859999999338 0.2028263499999947 0.025587650000074586 7.090605499917579E-4 5.472954006770156E-4 1.2579944477539014E-5
0.05263157894736842 0.1 0.8421052631578947 0.7705416699999322 0.20536807999999454 0.024090250000074993 9.939476146088033E-4 7.845767771127166E-4 1.4427001937519497E-5
0.05263157894736842 0.1 0.8947368421052632 0.7818079899999285 0.19627767999999363 0.021914330000074977 9.515314991628276E-4 7.762426358172633E-4 1.0836479651112573E-5
0.05263157894736842 0.1 0.9473684210526315 0.7781995299999325 0.20033101999999375 0.021469450000075087 8.315405387803176E-4 6.884374577588656E-4 8.994373697498038E-6
0.05263157894736842 0.1 1.0 0.773933789999933 0.205682629999993 0.020383580000075282 0.0011363237132373527 9.428245172832528E-4 1.0459896383587029E-5

0.10526315789473684 0.1 0.0 0.11968485999997033 0.027326850000003393 0.8529882900000184 1.1263802078647321E-4 0.0023405102900770592 0.003425018953753245
0.10526315789473684 0.1 0.05263157894736842 0.48574391999996286 0.1683031999999979 0.34595288000003865 0.005279903393035329 6.717670377597261E-4 0.0023833443497064954
0.10526315789473684 0.1 0.10526315789473684 0.46176162999996606 0.2722908399999858 0.26594753000004784 3.2553721674422054E-4 4.383719609461767E-5 1.8126404789868544E-4
0.10526315789473684 0.1 0.15789473684210525 0.4676323799999654 0.32471016999998087 0.20765745000005412 2.8711471537906652E-5 1.513486957031851E-5 1.6026880496920748E-5
0.10526315789473684 0.1 0.21052631578947367 0.46739072999996534 0.36131273999997743 0.17129653000005834 7.369260706610592E-5 6.28960216909058E-5 1.6356936958963897E-5
0.10526315789473684 0.1 0.2631578947368421 0.4792245799999644 0.3770801599999764 0.14369526000006183 1.0115575382146913E-4 9.787705637301358E-5 1.3196759532315555E-5
0.10526315789473684 0.1 0.3157894736842105 0.4799897499999657 0.3944233699999734 0.12558688000006352 7.03969859357223E-5 6.12403048418364E-5 1.0663171865845505E-5
0.10526315789473684 0.1 0.3684210526315789 0.47837998999996423 0.41143802999997037 0.11018198000006546 1.0156201260119735E-4 7.113090271765321E-5 1.3632793279599528E-5
0.10526315789473684 0.1 0.42105263157894735 0.48602904999996277 0.41571793999997186 0.09825301000006713 1.65063413096328E-4 1.1114706815437692E-4 1.6908748939590407E-5
0.10526315789473684 0.1 0.47368421052631576 0.48669433999996464 0.4241519399999687 0.08915372000006751 7.292909996586827E-5 5.5170114238306533E-5 9.953444161677968E-6
0.10526315789473684 0.1 0.5263157894736842 0.4959311999999634 0.4235867299999687 0.0804820700000688 1.1013063855733196E-4 8.255724290681665E-5 1.0309169515114631E-5
0.10526315789473684 0.1 0.5789473684210527 0.4923201599999617 0.43267518999997023 0.0750046500000699 1.226585575765382E-4 8.517384746242751E-5 1.2327153377425688E-5
0.10526315789473684 0.1 0.631578947368421 0.4931570399999619 0.4370033799999699 0.0698395800000698 1.3792239643603543E-4 9.949554657748272E-5 1.2257243423631839E-5
0.10526315789473684 0.1 0.6842105263157895 0.4955505199999614 0.44024356999996506 0.06420591000007053 7.181558573343683E-5 6.286176465944426E-5 5.093940071874796E-6
0.10526315789473684 0.1 0.7368421052631579 0.4948398599999605 0.4453843099999676 0.059775830000071015 1.3562768918040646E-4 1.0792001082385316E-4 7.1627428111622E-6
0.10526315789473684 0.1 0.7894736842105263 0.49744904999996353 0.44620694999996724 0.0563440000000714 1.552875690969402E-4 1.2987424869673192E-4 6.5050260000098364E-6
0.10526315789473684 0.1 0.8421052631578947 0.49932146999996047 0.4473574299999657 0.053321100000071606 5.189236804131747E-5 4.052147879773926E-5 6.23278879000478E-6
0.10526315789473684 0.1 0.8947368421052632 0.49750129999996284 0.4522240499999645 0.05027465000007197 4.754555430816487E-5 3.700818859664334E-5 5.738240377522498E-6
0.10526315789473684 0.1 0.9473684210526315 0.49600619999996254 0.45604315999996453 0.047950640000071654 1.13776349559086E-4 1.0373512721653655E-4 3.588781590454799E-6
0.10526315789473684 0.1 1.0 0.5035803399999589 0.4510908499999664 0.045328810000072335 6.634516948811342E-5 5.769230327737351E-5 5.738926983865893E-6

0.15789473684210525 0.1 0.0 0.0796824399999915 0.02721447000000037 0.8931030899999781 5.458963964782154E-5 0.0027647754256189456 0.0035481215094329555
0.15789473684210525 0.1 0.05263157894736842 0.35032847999997946 0.21870818999999245 0.430963330000033 0.0017861427948878128 4.180386779233797E-4 7.028191703070119E-4
0.15789473684210525 0.1 0.10526315789473684 0.319364579999982 0.3488484199999768 0.3317870000000415 4.5360483422907105E-5 2.390492350157203E-5 2.293152099991369E-5
0.15789473684210525 0.1 0.15789473684210525 0.3291369599999802 0.4107053499999713 0.2601576900000491 7.375000595852277E-5 6.0457248377304706E-5 2.5298300863313417E-5
0.15789473684210525 0.1 0.21052631578947367 0.33844518999997825 0.44849652999996487 0.21305828000005272 1.2956243686275404E-4 6.320962295874866E-5 3.408626144169036E-5
0.15789473684210525 0.1 0.2631578947368421 0.3476635999999771 0.4726867099999636 0.17964969000005726 7.816859503689821E-5 5.43993783768959E-5 1.8718331904234164E-5
0.15789473684210525 0.1 0.3157894736842105 0.35206218999997696 0.49289189999996097 0.1550459100000592 1.069640034014746E-4 5.506137839025871E-5 2.8787213271930234E-5
0.15789473684210525 0.1 0.3684210526315789 0.35117480999997774 0.5110727299999595 0.13775246000006233 1.0832104445979152E-4 7.932787534647989E-5 1.3102853948121496E-5
0.15789473684210525 0.1 0.42105263157894735 0.35872667999997554 0.5195548199999591 0.12171850000006348 1.0439640217888013E-4 7.26531827658361E-5 1.628076375030131E-5
0.15789473684210525 0.1 0.47368421052631576 0.36267185999997503 0.5258106899999558 0.11151745000006529 5.845117014169343E-5 3.9699746722188234E-5 1.467836249746321E-5
0.15789473684210525 0.1 0.5263157894736842 0.36422702999997575 0.5331143799999594 0.1026585900000666 7.591982837823474E-5 5.786486121100998E-5 9.20036621171981E-6
0.15789473684210525 0.1 0.5789473684210527 0.3670687799999729 0.5398901799999567 0.0930410400000672 7.808196531416955E-5 5.629774956600331E-5 9.662807718394464E-6
0.15789473684210525 0.1 0.631578947368421 0.36720025999997497 0.5471334199999578 0.08566632000006756 4.709640593417164E-5 3.96341790980248E-5 8.663043657676332E-6
0.15789473684210525 0.1 0.6842105263157895 0.3722161699999737 0.5477151399999571 0.08006869000006851 6.1000879532341346E-5 5.345115477706219E-5 7.872592683979066E-6
0.15789473684210525 0.1 0.7368421052631579 0.3745122599999755 0.5509125199999547 0.07457522000006973 5.004522369203568E-5 4.769064924814437E-5 7.356119951519233E-6
0.15789473684210525 0.1 0.7894736842105263 0.3751040699999774 0.5543839999999554 0.07051193000006996 8.732818643555906E-5 8.267802999395446E-5 7.541946675088812E-6
0.15789473684210525 0.1 0.8421052631578947 0.37997108999997536 0.5541407499999557 0.0658881600000702 7.540773721437244E-5 6.21192944323945E-5 6.489111814405972E-6
0.15789473684210525 0.1 0.8947368421052632 0.3764814699999746 0.5612865099999539 0.06223202000007031 3.8115865638399526E-5 3.2674851020320084E-5 6.823728719690912E-6
0.15789473684210525 0.1 0.9473684210526315 0.3780062699999722 0.5627958799999555 0.059197850000070794 6.224729568868326E-5 5.3303131023085815E-5 5.5526223775880824E-6
0.15789473684210525 0.1 1.0 0.3775258399999757 0.565763459999956 0.05671070000007111 5.686841829330436E-5 4.8451094825374685E-5 6.804925510053156E-6

0.21052631578947367 0.1 0.0 0.0549316599999972 0.027769840000001576 0.9172985000000616 2.016770164441203E-5 0.0028926376223741244 0.003366140409574947
0.21052631578947367 0.1 0.05263157894736842 0.26511278999998655 0.2521017599999896 0.4827854500000253 6.48439527416167E-4 2.812458309035121E-4 1.8233979329029815E-4
0.21052631578947367 0.1 0.10526315789473684 0.24846742999998928 0.3849468999999705 0.36658567000003756 2.2113986196101165E-5 4.325914639338735E-5 2.5320129649869516E-5
0.21052631578947367 0.1 0.15789473684210525 0.2584002899999889 0.4548368899999655 0.28676282000004566 1.756564091608126E-5 2.471488812846867E-5 2.1325395647989187E-5
0.21052631578947367 0.1 0.21052631578947367 0.2659399399999863 0.4982023199999607 0.23585774000005147 6.775049679717815E-5 4.143150262023165E-5 3.6643526091867384E-5
0.21052631578947367 0.1 0.2631578947368421 0.2734388799999866 0.5259755199999555 0.2005856000000543 3.1943506345000205E-5 2.743330473292671E-5 1.1588926640777875E-5
0.21052631578947367 0.1 0.3157894736842105 0.27682598999998637 0.5503748599999554 0.1727991500000578 6.980316751950544E-5 4.994550597797742E-5 1.9465668277766218E-5
0.21052631578947367 0.1 0.3684210526315789 0.28389278999998385 0.5633061999999575 0.15280101000006083 4.293737701666078E-5 3.4249583554191165E-5 1.7593713979628667E-5
0.21052631578947367 0.1 0.42105263157894735 0.28801623999998444 0.5758785399999509 0.13610522000006245 3.821601826242693E-5 3.8792393469821995E-5 9.875186751443638E-6
0.21052631578947367 0.1 0.47368421052631576 0.290257479999984 0.5871250299999516 0.12261749000006371 3.328161404973773E-5 2.6483766506213424E-5 1.0573947100146405E-5
0.21052631578947367 0.1 0.5263157894736842 0.2961501499999838 0.5919343399999485 0.11191551000006485 4.3043301978254456E-5 3.916548076920989E-5 9.843470440081686E-6
0.21052631578947367 0.1 0.5789473684210527 0.2978931099999836 0.5982594499999482 0.1038474400000661 3.950698752798465E-5 3.664579870010787E-5 7.324759446258877E-6
0.21052631578947367 0.1 0.631578947368421 0.2986875599999835 0.6049501899999532 0.09636225000006643 2.780442924715798E-5 2.8846565965523485E-5 7.58097993739347E-6
0.21052631578947367 0.1 0.6842105263157895 0.3005570599999825 0.6097501399999508 0.0896928000000671 3.40967601580866E-5 2.9441293985188466E-5 1.035320616011269E-5
0.21052631578947367 0.1 0.7368421052631579 0.3008109199999836 0.6155726799999509 0.08361640000006838 3.2705702753932364E-5 2.7918291616857438E-5 8.756083040017092E-6
0.21052631578947367 0.1 0.7894736842105263 0.3025875199999834 0.6189042599999438 0.07850822000006917 2.0816822250135925E-5 1.8174709855878213E-5 5.990956431617053E-6
0.21052631578947367 0.1 0.8421052631578947 0.30401275999998345 0.6231298699999468 0.07285737000006993 2.4930363183170434E-5 1.896423878289255E-5 6.7057816829693E-6
0.21052631578947367 0.1 0.8947368421052632 0.30701875999998135 0.6234179999999453 0.06956324000006996 2.448833406462625E-5 2.4506829998716118E-5 7.333960702344058E-6
0.21052631578947367 0.1 0.9473684210526315 0.3048655399999839 0.629249129999948 0.06588533000006971 3.2549216507735124E-5 3.660338323935308E-5 5.577085791148156E-6
0.21052631578947367 0.1 1.0 0.30902887999998246 0.628262769999944 0.06270835000007026 3.650310594621731E-5 3.313196292825671E-5 5.196277277576614E-6

0.2631578947368421 0.1 0.0 0.04256896999999626 0.029085690000000025 0.9283453400000997 8.310634139050603E-6 0.0032058447522236217 0.003500359294085653
0.2631578947368421 0.1 0.05263157894736842 0.2181898099999919 0.2690946799999861 0.5127155100000218 5.923984191633855E-4 3.535747756984453E-4 1.5668550844061269E-4
0.2631578947368421 0.1 0.10526315789473684 0.19827967999999344 0.4124869999999741 0.3892333200000343 2.210199309727462E-5 3.411033699812771E-5 3.0068767777280403E-5
0.2631578947368421 0.1 0.15789473684210525 0.20939385999999377 0.48382596999996375 0.3067801700000433 1.4324500299742193E-5 2.9000488561359283E-5 2.6194249772418243E-5
0.2631578947368421 0.1 0.21052631578947367 0.22294148999999175 0.5254794499999574 0.25157906000005126 2.4617023579455444E-5 2.161227269964483E-5 2.1152887515404895E-5
0.2631578947368421 0.1 0.2631578947368421 0.22784725999999056 0.5600675299999557 0.21208521000005356 3.0234134491789744E-5 2.320932269972431E-5 2.0942058256138985E-5
0.2631578947368421 0.1 0.3157894736842105 0.23324281999998997 0.5809903799999501 0.185766800000057 2.546935644759385E-5 2.805410345674275E-5 1.197465576022183E-5
0.2631578947368421 0.1 0.3684210526315789 0.23809796999998975 0.5988982899999492 0.1630037400000591 2.9700018879003087E-5 3.416616207740919E-5 1.2063114012157011E-5
0.2631578947368421 0.1 0.42105263157894735 0.23918509999998894 0.6157841699999526 0.14503073000006153 2.4080751990541993E-5 2.454079240665763E-5 1.2873776667112619E-5
0.2631578947368421 0.1 0.47368421052631576 0.24513671999999023 0.6235910199999439 0.13127226000006356 2.449675164196974E-5 3.153310136005949E-5 1.6488190492523064E-5
0.2631578947368421 0.1 0.5263157894736842 0.24817394999998907 0.632789749999949 0.11903630000006447 1.6829940398740972E-5 1.9635243933613378E-5 8.81473431002533E-6
0.2631578947368421 0.1 0.5789473684210527 0.2492034599999882 0.6402895499999476 0.11050699000006568 1.33823760303034E-5 1.5337465800957517E-5 8.01163813988863E-6
0.2631578947368421 0.1 0.631578947368421 0.2517905399999883 0.6455605599999444 0.1026489000000668 1.5852696509818798E-5 1.9938194495805472E-5 1.1634730789800152E-5
0.2631578947368421 0.1 0.6842105263157895 0.25378186999998903 0.6507346699999466 0.09548346000006613 2.2314876303553E-5 2.6066188990814254E-5 7.376378428533212E-6
0.2631578947368421 0.1 0.7368421052631579 0.2559685999999894 0.6551547599999414 0.08887664000006786 1.7462842039323023E-5 1.4297029344245704E-5 7.594176310380882E-6
0.2631578947368421 0.1 0.7894736842105263 0.25585246999998884 0.6606550799999379 0.08349245000006826 2.150938990001794E-5 1.923993820684977E-5 6.772311997538423E-6
0.2631578947368421 0.1 0.8421052631578947 0.25749818999998875 0.663675849999945 0.07882596000006924 1.1849141723196954E-5 1.3657283772061657E-5 5.561730078349619E-6
0.2631578947368421 0.1 0.8947368421052632 0.2563596499999878 0.6693976399999433 0.07424271000006982 1.885902087825353E-5 1.7091322431106448E-5 5.933984855783364E-6
0.2631578947368421 0.1 0.9473684210526315 0.2616770899999869 0.667629499999944 0.07069341000006964 1.170313213282037E-5 1.1181581746566582E-5 5.240995571924485E-6
0.2631578947368421 0.1 1.0 0.25966641999998846 0.6730805899999422 0.06725299000007003 2.3188872383311798E-5 2.2962650251923122E-5 5.580135059858951E-6

0.3157894736842105 0.1 0.0 0.0351875900000013 0.02862173000000115 0.9361906800001013 2.4897769919207235E-6 0.003082206612806767 0.0032268159410353547
0.3157894736842105 0.1 0.05263157894736842 0.18966527999999475 0.2788896099999859 0.5314451100000199 4.0237630052106926E-4 3.3669017104677457E-4 7.78630060899177E-5
0.3157894736842105 0.1 0.10526315789473684 0.17253812999999701 0.42497580999996876 0.40248606000003556 2.5938511103145573E-5 5.360341584667583E-5 2.6433641670681185E-5
0.3157894736842105 0.1 0.15789473684210525 0.1788400599999973 0.5038232999999612 0.31733664000004225 2.063938119586939E-5 3.7990365107987145E-5 1.8544421511890175E-5
0.3157894736842105 0.1 0.21052631578947367 0.18724212999999537 0.5509962599999539 0.2617616100000485 2.1313484062826515E-5 2.8017202011454412E-5 1.7287257207079798E-5
0.3157894736842105 0.1 0.2631578947368421 0.1945981499999952 0.5842817899999487 0.2211200600000535 1.3068795576713643E-5 3.1671491402540664E-5 1.6658441596380247E-5
0.3157894736842105 0.1 0.3157894736842105 0.20134243999999454 0.606522819999954 0.19213474000005648 1.9751984845717274E-5 1.9747303249717518E-5 1.6874329133227672E-5
0.3157894736842105 0.1 0.3684210526315789 0.20539385999999396 0.6250932299999483 0.16951291000005977 2.1662934299448988E-5 3.312998716309412E-5 1.6624520331357667E-5
0.3157894736842105 0.1 0.42105263157894735 0.20800910999999342 0.6400063999999439 0.15198449000006037 2.7624626007451136E-5 2.771620304642397E-5 1.2095020439809728E-5
0.3157894736842105 0.1 0.47368421052631576 0.20989402999999285 0.6523737099999466 0.13773226000006308 1.8940261358957322E-5 2.8225795836667178E-5 1.245647529204627E-5
0.3157894736842105 0.1 0.5263157894736842 0.21473970999999278 0.6596879999999424 0.12557229000006295 1.7186868115998122E-5 2.8765578000522485E-5 1.0363259156157684E-5
0.3157894736842105 0.1 0.5789473684210527 0.216066069999992 0.6678785499999413 0.11605538000006427 2.0448467755534994E-5 3.0378854902479713E-5 1.0587927055690297E-5
0.3157894736842105 0.1 0.631578947368421 0.2188206599999922 0.6748317799999436 0.10634756000006601 1.896411716507257E-5 2.2597236026822287E-5 9.386488046296201E-6
0.3157894736842105 0.1 0.6842105263157895 0.21845389999999248 0.6815205799999428 0.10002552000006609 1.8788790789980858E-5 2.351238046111037E-5 8.930570729493922E-6
0.3157894736842105 0.1 0.7368421052631579 0.22030651999999146 0.6867157999999421 0.09297768000006712 1.7069053490290087E-5 1.875208235269099E-5 7.445649817706609E-6
0.3157894736842105 0.1 0.7894736842105263 0.2213022499999921 0.6910551499999408 0.087642600000067 1.749926793793294E-5 2.1479259462720002E-5 6.937607240194155E-6
0.3157894736842105 0.1 0.8421052631578947 0.22316618999999197 0.6944120899999392 0.08242172000006848 1.413798188355797E-5 1.6478316821277872E-5 5.7552042417230095E-6
0.3157894736842105 0.1 0.8947368421052632 0.22238731999999137 0.6992708799999409 0.07834180000006927 1.567705921758089E-5 1.599638202098852E-5 8.796900760013604E-6
0.3157894736842105 0.1 0.9473684210526315 0.22393509999999292 0.7017178299999377 0.07434707000006978 1.4113695988887676E-5 1.7212591092885532E-5 5.42818741508435E-6
0.3157894736842105 0.1 1.0 0.226104819999992 0.7036362999999414 0.07025888000006943 1.7638472766687285E-5 2.0583262319184836E-5 6.3505871456502605E-6

0.3684210526315789 0.1 0.0 0.026724459999998947 0.028708460000002732 0.9445670799999188 7.306657083419685E-7 0.003201167014428802 0.00328344899648203
0.3684210526315789 0.1 0.05263157894736842 0.16679200999999713 0.2877540099999859 0.5454539800000194 3.214632291596367E-4 2.8673784591980167E-4 6.881092416116674E-5
0.3684210526315789 0.1 0.10526315789473684 0.1489765899999997 0.43579160999996763 0.415231800000032 2.5551644972018894E-5 5.0088672610748564E-5 2.741373276124448E-5
0.3684210526315789 0.1 0.15789473684210525 0.15525457999999934 0.5162671099999602 0.3284783100000387 1.7977177023911772E-5 4.3079205243656826E-5 3.4810870547491435E-5
0.3684210526315789 0.1 0.21052631578947367 0.16251927999999766 0.570167579999955 0.26731314000004835 1.6250316282107047E-5 2.1239646939674728E-5 1.946161134007418E-5
0.3684210526315789 0.1 0.2631578947368421 0.17033905999999774 0.6006551299999503 0.22900581000005174 1.2160304316173598E-5 2.0833939678222002E-5 1.5003269244480422E-5
0.3684210526315789 0.1 0.3157894736842105 0.17540131999999728 0.626021529999948 0.19857715000005666 1.7333524257163307E-5 1.8297885453322227E-5 1.77947468772352E-5
0.3684210526315789 0.1 0.3684210526315789 0.17916276999999606 0.6453595399999463 0.17547769000006 1.4885522926812167E-5 2.0853522993691254E-5 1.2211593263578707E-5
0.3684210526315789 0.1 0.42105263157894735 0.18425368999999694 0.6586096299999425 0.15713668000006 1.9863522382750076E-5 2.6904494266233314E-5 1.2267330577589441E-5
0.3684210526315789 0.1 0.47368421052631576 0.18704969999999516 0.6710548399999395 0.14189546000006323 2.1572891910001668E-5 2.8867998581316723E-5 1.12851693880138E-5
0.3684210526315789 0.1 0.5263157894736842 0.18784180999999506 0.6814503299999444 0.130707860000063 1.3807728923773133E-5 1.943379188595884E-5 1.1056588220322017E-5
0.3684210526315789 0.1 0.5789473684210527 0.19145163999999523 0.6891251599999388 0.11942320000006375 1.3331541309995198E-5 1.446745296762586E-5 7.03059176018761E-6
0.3684210526315789 0.1 0.631578947368421 0.19163657999999478 0.6980521999999375 0.11031122000006555 1.4877979903717142E-5 2.1911213159309106E-5 1.0397138111599077E-5
0.3684210526315789 0.1 0.6842105263157895 0.19497229999999519 0.7025399799999344 0.10248772000006628 1.7196608709288408E-5 2.5800287606847494E-5 1.1909271201517024E-5
0.3684210526315789 0.1 0.7368421052631579 0.19488858999999503 0.7096026499999367 0.09550876000006682 1.4370858811472986E-5 1.792172199011066E-5 7.837677262399062E-6
0.3684210526315789 0.1 0.7894736842105263 0.19649901999999508 0.7132806999999385 0.0902202800000673 1.614449503845733E-5 2.2112307520472108E-5 9.239862721804881E-6
0.3684210526315789 0.1 0.8421052631578947 0.19727452999999445 0.717352489999942 0.085372980000068 1.622545227836225E-5 3.150876379998113E-5 1.1327169919596834E-5
0.3684210526315789 0.1 0.8947368421052632 0.19811823999999487 0.7214248799999339 0.08045688000006862 1.2845657301384372E-5 1.6795926989443544E-5 7.908480665684385E-6
0.3684210526315789 0.1 0.9473684210526315 0.19871381999999513 0.7246651799999384 0.076621000000069 1.4663139006609871E-5 2.0118947557601352E-5 7.175251000025341E-6
0.3684210526315789 0.1 1.0 0.20079710999999448 0.726436979999939 0.07276591000007014 1.7505970647313518E-5 2.2055738467141595E-5 6.748430871834736E-6

0.42105263157894735 0.1 0.0 0.01972685999999877 0.0281009700000002 0.952172170000069 4.223585404923569E-7 0.0031636029400588 0.00321732449432921
0.42105263157894735 0.1 0.05263157894736842 0.15181582000000002 0.2934286599999861 0.554755520000017 2.789620097281391E-4 2.700716346014792E-4 3.5760231535730824E-5
0.42105263157894735 0.1 0.10526315789473684 0.13348790000000094 0.44412768999996877 0.4223844100000333 1.944372159044111E-5 4.032815426566194E-5 2.356021994964763E-5
0.42105263157894735 0.1 0.15789473684210525 0.13934704000000098 0.5253387199999606 0.3353142400000405 1.411659323823089E-5 3.551239875854151E-5 2.1218087221316906E-5
0.42105263157894735 0.1 0.21052631578947367 0.14639326000000039 0.5785649299999521 0.2750418100000468 1.3690210572282063E-5 2.7635045099838607E-5 1.6681654923467182E-5
0.42105263157894735 0.1 0.2631578947368421 0.15241640999999947 0.614775389999948 0.23280820000005223 1.5586349712364694E-5 3.638042735193414E-5 1.9982510759387895E-5
0.42105263157894735 0.1 0.3157894736842105 0.15546133999999895 0.6416826599999484 0.20285600000005596 1.9403321404574264E-5 3.410174132251198E-5 1.3816167999190776E-5
0.42105263157894735 0.1 0.3684210526315789 0.15990044999999864 0.6618168299999458 0.17828272000005696 1.8136012797913964E-5 2.7395381751282866E-5 1.5578105402112852E-5
0.42105263157894735 0.1 0.42105263157894735 0.16417989999999724 0.6742690199999395 0.1615510800000587 1.8891933990711207E-5 2.3854010241519674E-5 1.2557932833490854E-5
0.42105263157894735 0.1 0.47368421052631576 0.16462560999999817 0.6903127699999381 0.14506162000006156 1.6355831127874004E-5 2.8285751925094527E-5 1.4007838975631931E-5
0.42105263157894735 0.1 0.5263157894736842 0.16702020999999764 0.6997714999999367 0.13320829000006298 1.4619266555968707E-5 2.1112777750298406E-5 1.2955232275700668E-5
0.42105263157894735 0.1 0.5789473684210527 0.17054685999999805 0.7073539799999379 0.12209916000006277 1.537304413996507E-5 1.916964017201206E-5 9.180311294829449E-6
0.42105263157894735 0.1 0.631578947368421 0.17160622999999742 0.7155755899999363 0.11281818000006504 1.6094572186899775E-5 1.7876819158102464E-5 8.344671487635E-6
0.42105263157894735 0.1 0.6842105263157895 0.17267598999999628 0.7217853999999336 0.10553861000006635 1.361282051974555E-5 1.5542760840703274E-5 7.953668267800251E-6
0.42105263157894735 0.1 0.7368421052631579 0.17384527999999744 0.7267233999999376 0.09943132000006627 1.6990789721341854E-5 2.0781672429359688E-5 1.0752417057479854E-5
0.42105263157894735 0.1 0.7894736842105263 0.17543487999999738 0.7320748999999366 0.09249022000006672 1.2668119384939835E-5 1.6224183986279783E-5 5.688958351734996E-6
0.42105263157894735 0.1 0.8421052631578947 0.17650420999999702 0.7354154699999327 0.08808032000006762 1.6951701275309816E-5 3.160031968962862E-5 9.511154697668112E-6
0.42105263157894735 0.1 0.8947368421052632 0.1772854999999969 0.7403648799999338 0.08234962000006898 1.0685029749393782E-5 1.3278154601281678E-5 8.94412385556067E-6
0.42105263157894735 0.1 0.9473684210526315 0.17746062999999665 0.744560129999938 0.07797924000006957 1.752721700264831E-5 2.336274137826333E-5 6.221415022337508E-6
0.42105263157894735 0.1 1.0 0.17838231999999693 0.7472917799999307 0.07432590000006972 1.4120771417047706E-5 1.5501858430910787E-5 5.844345189948315E-6

0.47368421052631576 0.1 0.0 0.021362479999997356 0.02752488000000201 0.9511126400001358 1.229542496515427E-7 0.0029943762609851827 0.003020593200002364
0.47368421052631576 0.1 0.05263157894736842 0.13788212000000133 0.2984478199999827 0.5636700600000168 2.782520423054956E-4 3.2017448124758985E-4 7.05877336020233E-5
0.47368421052631576 0.1 0.10526315789473684 0.1188179200000012 0.45511405999996746 0.4260680200000333 1.6112132873892862E-5 3.696544231193699E-5 2.4764855282272125E-5
0.47368421052631576 0.1 0.15789473684210525 0.12411112000000145 0.5362186999999558 0.3396701800000416 1.2000600346019283E-5 2.1148928313896587E-5 1.516560476498563E-5
0.47368421052631576 0.1 0.21052631578947367 0.1308097500000018 0.5895979299999524 0.27959232000004647 1.3366435938064192E-5 3.1212960710014226E-5 1.9695475017622588E-5
0.47368421052631576 0.1 0.2631578947368421 0.13619208000000096 0.6257583399999437 0.2380495800000523 1.18483552737636E-5 2.3255980440173296E-5 2.1108585822209036E-5
0.47368421052631576 0.1 0.3157894736842105 0.14204477000000082 0.6503917199999457 0.207563510000054 1.2119260647053959E-5 2.4445635440517588E-5 2.1794561479562824E-5
0.47368421052631576 0.1 0.3684210526315789 0.1443553600000006 0.6725549599999393 0.18308968000005746 1.1054945270216193E-5 1.2979395402901162E-5 1.3457261497297479E-5
0.47368421052631576 0.1 0.42105263157894735 0.1474448700000001 0.689639759999943 0.16291537000005948 1.7068333682892373E-5 2.2662529130190734E-5 1.2867406762737815E-5
0.47368421052631576 0.1 0.47368421052631576 0.15029646999999993 0.7019458199999368 0.14775771000006066 1.214204253930165E-5 1.807364253558763E-5 1.0496886556014828E-5
0.47368421052631576 0.1 0.5263157894736842 0.1512560800000002 0.7140589999999417 0.13468492000006324 9.831775033566914E-6 1.6525767004282876E-5 1.132977259328885E-5
0.47368421052631576 0.1 0.5789473684210527 0.154559349999999 0.7210967599999368 0.1243438900000627 1.4367160577687804E-5 2.8316711509046577E-5 1.2901198668285874E-5
0.47368421052631576 0.1 0.631578947368421 0.15490946999999916 0.7297937699999366 0.1152967600000649 1.3903289319168455E-5 1.955087617921958E-5 7.80195550241329E-6
0.47368421052631576 0.1 0.6842105263157895 0.15741132999999868 0.7345804299999343 0.1080082400000659 1.2149040631324187E-5 1.575288602906344E-5 7.714872102300777E-6
0.47368421052631576 0.1 0.7368421052631579 0.15722984999999862 0.7425873699999364 0.10018278000006639 1.2631407977439085E-5 1.802419347851636E-5 9.407043471449869E-6
0.47368421052631576 0.1 0.7894736842105263 0.15805420999999803 0.746946369999934 0.09499942000006721 9.419664276262563E-6 1.5578918808212272E-5 1.0099543663493957E-5
0.47368421052631576 0.1 0.8421052631578947 0.15807358999999854 0.7529152399999339 0.08901117000006717 1.1853567512171842E-5 1.91671577317587E-5 8.413376231185613E-6
0.47368421052631576 0.1 0.8947368421052632 0.16006622999999884 0.7551781399999353 0.08475563000006767 1.0219452587174882E-5 1.5138484129595398E-5 6.20951830319124E-6
0.47368421052631576 0.1 0.9473684210526315 0.16116101999999924 0.7580183099999319 0.08082067000006932 1.202193455975345E-5 1.596842774564955E-5 6.344713751127787E-6
0.47368421052631576 0.1 1.0 0.15981100999999964 0.7643261099999307 0.07586288000006972 1.7861803779658375E-5 2.3321823263700026E-5 6.489824105502737E-6

0.5263157894736842 0.1 0.0 0.01855230999999986 0.02575264000000234 0.9556950500000142 6.254666391666266E-8 0.002687704365030154 0.002707768178512593
0.5263157894736842 0.1 0.05263157894736842 0.12835515000000186 0.3007453799999814 0.5708994700000177 1.8714717147762933E-4 2.547830106571225E-4 6.260098670918257E-5
0.5263157894736842 0.1 0.10526315789473684 0.10782420000000197 0.45990872999996724 0.43226707000003084 1.1937244360105126E-5 2.994509878151419E-5 1.9544376620328485E-5
0.5263157894736842 0.1 0.15789473684210525 0.11309731000000152 0.5445298099999589 0.3423728800000413 9.583471764140414E-6 1.999062236163196E-5 1.556137650556011E-5
0.5263157894736842 0.1 0.21052631578947367 0.11986080000000156 0.5968276799999533 0.2833115200000467 1.3390091360301545E-5 1.7054301813090866E-5 1.5740137289499412E-5
0.5263157894736842 0.1 0.2631578947368421 0.12413196000000191 0.6336620799999454 0.24220596000005173 1.1833328558665673E-5 1.8819238074674338E-5 1.7027668477276325E-5
0.5263157894736842 0.1 0.3157894736842105 0.12903323000000128 0.6610613899999458 0.20990538000005424 1.158287476791739E-5 2.3518592264404337E-5 1.9540717055378798E-5
0.5263157894736842 0.1 0.3684210526315789 0.13240710000000147 0.681707419999944 0.18588548000005703 1.5149931590387189E-5 3.2698334938519036E-5 2.07110031700819E-5
0.5263157894736842 0.1 0.42105263157894735 0.1345998200000006 0.6998234799999371 0.16557670000005997 1.197472996813942E-5 1.7857510692109724E-5 1.1896513109069945E-5
0.5263157894736842 0.1 0.47368421052631576 0.1374876000000015 0.7119469299999394 0.15056547000006093 1.237543823995671E-5 1.6361438579748366E-5 1.185206867857641E-5
0.5263157894736842 0.1 0.5263157894736842 0.13926544999999987 0.7230207199999308 0.13771383000006243 1.416981729784883E-5 2.438709068575129E-5 1.3547741730946666E-5
0.5263157894736842 0.1 0.5789473684210527 0.14137722000000047 0.7310202699999353 0.12760251000006342 1.6012213071611714E-5 2.4859502128715683E-5 1.0363992700025693E-5
0.5263157894736842 0.1 0.631578947368421 0.14103141000000038 0.7423039099999333 0.11666468000006444 1.1407036412038052E-5 2.1115079717692886E-5 1.0179934497759474E-5
0.5263157894736842 0.1 0.6842105263157895 0.14314250000000087 0.7479438599999352 0.10891364000006545 9.02117974983449E-6 1.6948448287146256E-5 9.433809950403285E-6
0.5263157894736842 0.1 0.7368421052631579 0.1429149000000007 0.7549011499999346 0.10218395000006679 8.720885989906696E-6 1.1859765667754374E-5 9.848315397357338E-6
0.5263157894736842 0.1 0.7894736842105263 0.14456265000000013 0.7583615999999347 0.09707575000006663 1.4062041977448009E-5 1.7140049431429993E-5 6.964504937319316E-6
0.5263157894736842 0.1 0.8421052631578947 0.1455086099999998 0.7632360599999309 0.0912553300000674 1.199449886784068E-5 1.575398967001984E-5 8.605355591190245E-6
0.5263157894736842 0.1 0.8947368421052632 0.14682447999999998 0.7670394699999276 0.08613605000006769 1.3157522729592003E-5 1.645903511904301E-5 6.664323397556973E-6
0.5263157894736842 0.1 0.9473684210526315 0.14676402000000066 0.7718354699999276 0.08140051000006829 1.1720397439355518E-5 1.9085546872354975E-5 7.7715247400207E-6
0.5263157894736842 0.1 1.0 0.14767806000000078 0.7749284199999336 0.07739352000006941 8.818062635976981E-6 1.3615126297272795E-5 6.715176009555908E-6

0.5789473684210527 0.1 0.0 0.019625719999998858 0.025685930000004523 0.9546883499999788 2.7380481686513185E-8 0.0028242695330346363 0.0028353728832832825
0.5789473684210527 0.1 0.05263157894736842 0.11891404000000144 0.308785359999981 0.5723006000000133 2.3673407087877393E-4 2.9662164967188265E-4 6.44570956386814E-5
0.5789473684210527 0.1 0.10526315789473684 0.09982741000000103 0.4646640299999657 0.4355085600000337 1.3103699691943693E-5 3.969978115941908E-5 2.265994473171773E-5
0.5789473684210527 0.1 0.15789473684210525 0.10401178000000084 0.5498924899999547 0.34609573000004173 9.110095231830775E-6 2.4254226599351725E-5 2.1730678770551237E-5
0.5789473684210527 0.1 0.21052631578947367 0.10901474000000125 0.6045637299999491 0.28642153000004666 1.0165100732640459E-5 2.516924348883176E-5 1.72436274597787E-5
0.5789473684210527 0.1 0.2631578947368421 0.11368256000000146 0.6415029899999478 0.24481445000005145 9.802511846582207E-6 1.853195806605923E-5 1.533352819684669E-5
0.5789473684210527 0.1 0.3157894736842105 0.1173939400000015 0.6704272199999425 0.21217884000005557 8.284925276616506E-6 1.4167515074325898E-5 1.5806414254117274E-5
0.5789473684210527 0.1 0.3684210526315789 0.12183547000000197 0.690627769999944 0.18753676000005748 1.187909287922971E-5 2.1134505815534332E-5 1.2890214702535041E-5
0.5789473684210527 0.1 0.42105263157894735 0.12436758000000162 0.706564309999939 0.16906811000005942 1.051482094394443E-5 1.7200685230978063E-5 1.112075202763102E-5
0.5789473684210527 0.1 0.47368421052631576 0.12656956000000147 0.7219579399999366 0.15147250000006074 1.0962467406987891E-5 2.3202314954007264E-5 1.6425393749668754E-5
0.5789473684210527 0.1 0.5263157894736842 0.12736810000000115 0.7332559399999344 0.13937596000006197 9.845378390715975E-6 1.2893658715262823E-5 9.882078078393697E-6
0.5789473684210527 0.1 0.5789473684210527 0.12858219000000184 0.7426181699999364 0.12879964000006305 1.0930381804379052E-5 1.7698932845866544E-5 9.099351870739403E-6
0.5789473684210527 0.1 0.631578947368421 0.13059605000000182 0.751475369999934 0.11792858000006406 1.2914537397962222E-5 1.9969544349462964E-5 9.709811183583952E-6
0.5789473684210527 0.1 0.6842105263157895 0.1308261400000012 0.758961419999932 0.11021244000006553 9.51663870099248E-6 1.7411673577716336E-5 9.8503292463685E-6
0.5789473684210527 0.1 0.7368421052631579 0.1318114800000016 0.7649737999999304 0.10321472000006712 1.5350032210075665E-5 2.3723215555659927E-5 7.192181321368993E-6
0.5789473684210527 0.1 0.7894736842105263 0.13365074000000174 0.7686705099999322 0.0976787500000671 1.0823705452547155E-5 1.789766532345194E-5 9.012773437290858E-6
0.5789473684210527 0.1 0.8421052631578947 0.1343385500000005 0.7731657999999324 0.09249565000006672 1.2594162898033057E-5 1.849515234941812E-5 9.866348077643833E-6
0.5789473684210527 0.1 0.8947368421052632 0.1350066400000011 0.7789506899999291 0.08604267000006749 1.1162719910605412E-5 1.5358805524501307E-5 7.296950271242289E-6
0.5789473684210527 0.1 0.9473684210526315 0.1360890200000015 0.7812290499999313 0.08268193000006839 1.1034053439513275E-5 1.385333109782394E-5 6.743880475155485E-6
0.5789473684210527 0.1 1.0 0.13647624000000166 0.7845381999999315 0.07898556000006841 8.908435462445796E-6 1.2993678761952232E-5 6.506361486511604E-6

0.631578947368421 0.1 0.0 0.01821962999999691 0.027411470000002065 0.9543688999999419 1.0485663257434833E-8 0.002936575157438778 0.0029446190609613287
0.631578947368421 0.1 0.05263157894736842 0.11403811000000151 0.3086023899999827 0.5773595000000182 1.9794333062813328E-4 2.3158248728799569E-4 5.562686374754877E-5
0.631578947368421 0.1 0.10526315789473684 0.09314604000000196 0.46547413999996723 0.4413798200000318 1.3705844318099084E-5 1.872397326288522E-5 8.544518772746201E-6
0.631578947368421 0.1 0.15789473684210525 0.09558682000000165 0.5538979899999565 0.3505151900000422 1.0708696287407837E-5 2.868616095297316E-5 1.776578626656866E-5
0.631578947368421 0.1 0.21052631578947367 0.1015366700000005 0.6095288099999446 0.28893452000004766 7.646436311192079E-6 1.699627699314199E-5 1.4443174369688228E-5
0.631578947368421 0.1 0.2631578947368421 0.10534285000000133 0.6480884199999445 0.24656873000005333 1.1484728877722908E-5 2.6800069906740553E-5 1.730000518584962E-5
0.631578947368421 0.1 0.3157894736842105 0.10829060000000112 0.6789547299999421 0.21275467000005577 1.0572725640303413E-5 1.769013762220606E-5 1.1890662191121892E-5
0.631578947368421 0.1 0.3684210526315789 0.11215191000000148 0.6988443899999378 0.18900370000005962 9.179738352096262E-6 1.555747452508527E-5 1.3007852309364354E-5
0.631578947368421 0.1 0.42105263157894735 0.11518034000000123 0.714292519999938 0.1705271400000614 1.1117249484656616E-5 2.24728720590317E-5 1.7632441419786204E-5
0.631578947368421 0.1 0.47368421052631576 0.11609768000000169 0.7296190799999375 0.15428324000006105 1.1680834617782895E-5 2.1306435948442726E-5 1.3476605102372835E-5
0.631578947368421 0.1 0.5263157894736842 0.11789164000000187 0.7417738299999349 0.1403345300000623 9.442414110327757E-6 1.543180814089773E-5 1.261258867931575E-5
0.631578947368421 0.1 0.5789473684210527 0.12055529000000141 0.7500174299999351 0.12942728000006246 1.1290442016120492E-5 2.336389318213783E-5 1.399763980223026E-5
0.631578947368421 0.1 0.631578947368421 0.120718190000001 0.7596909999999358 0.1195908100000643 7.5889681241999435E-6 1.2933430990957895E-5 7.257636544012042E-6
0.631578947368421 0.1 0.6842105263157895 0.12182206000000205 0.7658504399999306 0.11232750000006614 1.1635177356470947E-5 1.5248653796318123E-5 1.1659915749905395E-5
0.631578947368421 0.1 0.7368421052631579 0.12216645000000127 0.7729439699999313 0.10488958000006643 1.2500357397722886E-5 2.0722969629072274E-5 1.0230819423650422E-5
0.631578947368421 0.1 0.7894736842105263 0.12347090000000203 0.7777178399999319 0.0988112600000669 1.2966841190039172E-5 1.5982023731542228E-5 6.252445212294108E-6
0.631578947368421 0.1 0.8421052631578947 0.1231683600000019 0.7837990999999325 0.09303254000006712 1.2921920910654097E-5 2.181596718553447E-5 7.696909148575612E-6
0.631578947368421 0.1 0.8947368421052632 0.12496087000000215 0.7872541699999335 0.08778496000006736 1.2417119843302626E-5 1.5597220603513762E-5 6.868955798427535E-6
0.631578947368421 0.1 0.9473684210526315 0.12567950000000147 0.7901862699999317 0.08413423000006824 9.904985750593814E-6 1.1554904482902195E-5 6.0223473071557496E-6
0.631578947368421 0.1 1.0 0.12567274000000114 0.7947027899999302 0.07962447000006906 9.92347089302792E-6 1.4779051210389582E-5 7.032822219148367E-6

0.6842105263157895 0.1 0.0 0.01650318000000185 0.026215440000001738 0.9572813800000607 7.598874961342247E-10 0.002765099707606156 0.0027665121971051088
0.6842105263157895 0.1 0.05263157894736842 0.10708949000000144 0.3100042599999818 0.5829062500000185 1.8065536254014726E-4 2.8128515785277863E-4 4.5216965938066345E-5
0.6842105263157895 0.1 0.10526315789473684 0.08576230000000194 0.46867444999996266 0.4455632500000345 1.4780720709980238E-5 5.117079820179948E-5 2.853283244041993E-5
0.6842105263157895 0.1 0.15789473684210525 0.08900924000000196 0.5582180899999539 0.3527726700000435 6.71896262216011E-6 1.3957965750988066E-5 1.1744810071184775E-5
0.6842105263157895 0.1 0.21052631578947367 0.09433068000000203 0.6148977699999432 0.29077155000004856 6.917564737328463E-6 2.080316603603194E-5 1.6566555596495003E-5
0.6842105263157895 0.1 0.2631578947368421 0.09802156000000087 0.6545484599999455 0.24742998000005506 1.1356475166307903E-5 2.8071853629352272E-5 2.011062119811058E-5
0.6842105263157895 0.1 0.3157894736842105 0.10172936000000102 0.6828371999999413 0.21543344000005757 7.53492399043626E-6 1.7594326159497964E-5 1.7873517766366087E-5
0.6842105263157895 0.1 0.3684210526315789 0.10466615000000071 0.7013846199999401 0.1939492300000594 8.231209177813129E-6 1.899335345750819E-5 1.4958229407273371E-5
0.6842105263157895 0.1 0.42105263157894735 0.10662350000000179 0.7221316999999349 0.17124480000006076 1.1496509750123785E-5 2.2927033108466333E-5 1.5511646960127135E-5
0.6842105263157895 0.1 0.47368421052631576 0.10848893000000076 0.7347401499999303 0.1567709200000626 1.0417936455571486E-5 2.272040299067246E-5 1.3338664353244184E-5
0.6842105263157895 0.1 0.5263157894736842 0.11036240000000125 0.7480342499999346 0.1416033500000636 8.78549424023975E-6 2.110894592444179E-5 1.6289065777618655E-5
0.6842105263157895 0.1 0.5789473684210527 0.1113642700000015 0.7573884499999352 0.1312472800000644 9.317414367425794E-6 1.926934358864596E-5 1.0844794601859442E-5
0.6842105263157895 0.1 0.631578947368421 0.11205106000000158 0.7672147299999301 0.12073421000006658 8.429426876609483E-6 1.2092572021504822E-5 8.717426675849266E-6
0.6842105263157895 0.1 0.6842105263157895 0.11329017000000152 0.7740032899999331 0.11270654000006669 9.608764371409409E-6 1.964055817060828E-5 1.2080193228479474E-5
0.6842105263157895 0.1 0.7368421052631579 0.11370407000000106 0.7802992299999282 0.10599670000006733 1.0036812435554321E-5 2.3766804408409392E-5 1.0311469110296442E-5
0.6842105263157895 0.1 0.7894736842105263 0.11566372000000154 0.7840246999999329 0.10031158000006735 1.1216081761805316E-5 1.3511367906615668E-5 7.268981903528482E-6
0.6842105263157895 0.1 0.8421052631578947 0.11530898000000135 0.7914005899999277 0.09329043000006816 1.1643073359853331E-5 1.7978682651520472E-5 6.755253415199197E-6
0.6842105263157895 0.1 0.8947368421052632 0.11718859000000183 0.7940247899999305 0.08878662000006884 1.1314540812091406E-5 2.19929284556164E-5 8.630910975549258E-6
0.6842105263157895 0.1 0.9473684210526315 0.11713244000000082 0.7985445199999278 0.08432304000006974 6.893009646763426E-6 1.3480629970863411E-5 7.04512115827418E-6
0.6842105263157895 0.1 1.0 0.11726958000000125 0.8024806399999255 0.08024978000006999 9.955806623822283E-6 1.639060119007496E-5 8.497741951536339E-6

0.7368421052631579 0.1 0.0 0.015300199999996975 0.02579673000000215 0.9589030699999365 1.9960107161933263E-11 0.0026437764003067995 0.002643867791698673
0.7368421052631579 0.1 0.05263157894736842 0.10218158000000085 0.3114718399999808 0.5863465800000197 1.4272844270382667E-4 2.3719417701648093E-4 5.651165830594662E-5
0.7368421052631579 0.1 0.10526315789473684 0.07896521000000101 0.47511270999996486 0.44592208000003636 1.0989418656128305E-5 2.6796491455483018E-5 1.9277266476519506E-5
0.7368421052631579 0.1 0.15789473684210525 0.0834830700000019 0.5619850999999532 0.35453183000004557 9.16987837528728E-6 2.233726199141195E-5 1.6569887849982035E-5
0.7368421052631579 0.1 0.21052631578947367 0.0872841700000021 0.6198543199999498 0.2928615100000492 9.470950410950599E-6 2.8956583336292585E-5 2.788905551963372E-5
0.7368421052631579 0.1 0.2631578947368421 0.09192707000000233 0.6579707499999405 0.25010218000005385 1.3376980214798925E-5 3.21770054474424E-5 2.7217259247216963E-5
0.7368421052631579 0.1 0.3157894736842105 0.09513992000000189 0.6864943799999399 0.21836570000005653 8.530776393388464E-6 1.8097954407825245E-5 1.6210949510639394E-5
0.7368421052631579 0.1 0.3684210526315789 0.09736400000000112 0.7091072699999372 0.19352873000005885 1.032500399989443E-5 2.4040144158465893E-5 1.8997617588022153E-5
0.7368421052631579 0.1 0.42105263157894735 0.09983923000000146 0.7267702399999361 0.17339053000006202 1.020783800701093E-5 2.5581362332549595E-5 1.6582723319110565E-5
0.7368421052631579 0.1 0.47368421052631576 0.10074573000000146 0.7436914499999343 0.15556282000006394 8.772235766955211E-6 1.519605190081208E-5 9.831547647182887E-6
0.7368421052631579 0.1 0.5263157894736842 0.10233929000000089 0.7539677999999332 0.14369291000006457 1.0441531296029663E-5 2.580275515018382E-5 1.3277558732351091E-5
0.7368421052631579 0.1 0.5789473684210527 0.10440088000000088 0.7635712899999308 0.1320278300000665 1.0179659225867388E-5 2.5189246739887317E-5 1.2241262491247129E-5
0.7368421052631579 0.1 0.631578947368421 0.1058588900000007 0.772004459999928 0.12213665000006702 8.689548968217331E-6 1.587211810438749E-5 1.1521901777500343E-5
0.7368421052631579 0.1 0.6842105263157895 0.10575695000000097 0.7798547999999278 0.11438825000006757 8.314691697736132E-6 1.5142114961563813E-5 7.225626937329768E-6
0.7368421052631579 0.1 0.7368421052631579 0.1076813300000016 0.7848153899999302 0.10750328000006763 7.520494431317512E-6 1.8238188150832002E-5 1.1852815241748804E-5
0.7368421052631579 0.1 0.7894736842105263 0.10801543000000109 0.7919981899999289 0.09998638000006889 8.042360915476096E-6 1.2328111723913793E-5 8.904292495380897E-6
0.7368421052631579 0.1 0.8421052631578947 0.10889698000000109 0.7967124899999279 0.0943905300000693 9.232286879884075E-6 1.3521386998172069E-5 6.258621319131866E-6
0.7368421052631579 0.1 0.8947368421052632 0.10881155000000024 0.8016810599999256 0.08950739000007045 7.564125597946808E-6 1.0991703275120557E-5 5.966242387802148E-6
0.7368421052631579 0.1 0.9473684210526315 0.10959461000000173 0.8063640199999286 0.08404137000007031 6.181149948035827E-6 9.078019423847117E-6 7.312631523064515E-6
0.7368421052631579 0.1 1.0 0.11008328000000113 0.8088893799999245 0.08102734000007066 1.2994594441850457E-5 2.41334112147662E-5 1.0500878524374E-5

0.7894736842105263 0.1 0.0 0.011806919999999381 0.02668588999999956 0.9615071900001457 2.222113610765618E-9 0.002853372529907764 0.0028563959409105832
0.7894736842105263 0.1 0.05263157894736842 0.09660653000000115 0.3142465799999824 0.5891468900000159 1.592978383592545E-4 2.5628638430343076E-4 5.936072033002615E-5
0.7894736842105263 0.1 0.10526315789473684 0.07748842000000157 0.4710027799999657 0.45150880000003574 8.437831903714346E-6 2.5135352272970257E-5 2.7977858559680158E-5
0.7894736842105263 0.1 0.15789473684210525 0.07835542000000142 0.5657527599999539 0.3558918200000444 9.403616623717206E-6 2.445867037997873E-5 2.092718708779362E-5
0.7894736842105263 0.1 0.21052631578947367 0.08162234000000151 0.6240497699999479 0.2943278900000508 7.48840092467621E-6 1.5950211945836568E-5 1.5137215146579508E-5
0.7894736842105263 0.1 0.2631578947368421 0.08565007000000245 0.6633907999999452 0.2509591300000558 6.5458419949739055E-6 2.961054935801677E-5 2.1122410641963296E-5
0.7894736842105263 0.1 0.3157894736842105 0.0891688400000023 0.6907584999999398 0.22007266000005807 7.201979054141661E-6 2.1898963739275246E-5 1.7545106524602394E-5
0.7894736842105263 0.1 0.3684210526315789 0.09189339000000223 0.7149055599999387 0.19320105000006094 1.0171701307596856E-5 1.87327070937382E-5 1.6371645897982068E-5
0.7894736842105263 0.1 0.42105263157894735 0.09325176000000218 0.7342210699999369 0.1725271700000625 7.573196902106033E-6 1.9042343057718014E-5 1.7132190791226132E-5
0.7894736842105263 0.1 0.47368421052631576 0.09520724000000147 0.7479189399999351 0.15687382000006392 7.58518558228137E-6 1.9180825262532508E-5 1.566079460731118E-5
0.7894736842105263 0.1 0.5263157894736842 0.09590033000000173 0.7604865399999347 0.14361313000006576 1.095553089082782E-5 2.1211094814455045E-5 1.2117740603487248E-5
0.7894736842105263 0.1 0.5789473684210527 0.09729370000000108 0.7694208599999263 0.13328544000006726 8.829792309915721E-6 1.9629990859026947E-5 1.134580800616139E-5
0.7894736842105263 0.1 0.631578947368421 0.09914084000000106 0.7789442799999327 0.12191488000006803 7.75337809428428E-6 1.4344639282737326E-5 1.0243128585486067E-5
0.7894736842105263 0.1 0.6842105263157895 0.09989045000000098 0.7854950499999254 0.11461450000006804 7.732005797480429E-6 1.4830738504945096E-5 1.0347991749978108E-5
0.7894736842105263 0.1 0.7368421052631579 0.09987604000000105 0.7931993999999284 0.10692456000006936 8.97132991830446E-6 1.5188827640288949E-5 1.0455376806635733E-5
0.7894736842105263 0.1 0.7894736842105263 0.10082938000000101 0.797960249999927 0.1012103700000703 1.0448166815580154E-5 1.8873404933339444E-5 8.260241462890866E-6
0.7894736842105263 0.1 0.8421052631578947 0.10167767000000093 0.8028365399999252 0.09548579000007065 1.042663437111728E-5 2.0831358824691115E-5 8.93196707570619E-6
0.7894736842105263 0.1 0.8947368421052632 0.10315570000000106 0.8063995899999241 0.09044471000007072 7.912675510117137E-6 1.3979392827989656E-5 1.0308208015865489E-5
0.7894736842105263 0.1 0.9473684210526315 0.10285466000000089 0.8113491199999286 0.08579622000007099 9.316186284524797E-6 2.0105883221765986E-5 1.1283391711660457E-5
0.7894736842105263 0.1 1.0 0.10314485000000133 0.8156660699999286 0.0811890800000712 9.922525477455701E-6 1.36831257551151E-5 6.576536753698237E-6

0.8421052631578947 0.1 0.0 0.01250043999999924 0.02723481000000307 0.9602647499999998 4.380640479268588E-11 0.0028576601212634495 0.002857865296553519
0.8421052631578947 0.1 0.05263157894736842 0.09285559000000163 0.3176323199999839 0.589512090000016 1.171552987517064E-4 2.152580394163689E-4 5.59612248378083E-5
0.8421052631578947 0.1 0.10526315789473684 0.07222933000000126 0.47838549999996316 0.449385170000036 7.573392750931038E-6 3.8849345749575326E-5 2.6252975072110774E-5
0.8421052631578947 0.1 0.15789473684210525 0.07425995000000121 0.5679709799999566 0.35776907000004704 6.532210997359407E-6 3.671252983766804E-5 3.011319833029491E-5
0.8421052631578947 0.1 0.21052631578947367 0.07713355000000147 0.6262831599999487 0.29658329000005074 6.072623397487473E-6 2.080394040909761E-5 2.1241901775659322E-5
0.8421052631578947 0.1 0.2631578947368421 0.08107456000000166 0.6641651499999425 0.2547602900000562 7.015596806689978E-6 2.4737940477914666E-5 1.853723011487063E-5
0.8421052631578947 0.1 0.3157894736842105 0.08421635000000183 0.6958800899999369 0.21990356000005853 7.965249677650485E-6 2.0150594584600334E-5 2.029253732631353E-5
0.8421052631578947 0.1 0.3684210526315789 0.08704403000000198 0.7179295099999374 0.19502646000006207 8.393186359025202E-6 2.2411472163863522E-5 1.7412751868527143E-5
0.8421052631578947 0.1 0.42105263157894735 0.08736093000000189 0.7386128599999353 0.17402621000006294 7.4038165348983E-6 1.6003878629100576E-5 1.147731203610114E-5
0.8421052631578947 0.1 0.47368421052631576 0.09057085000000246 0.7506419899999376 0.1587871600000639 1.0086475277127846E-5 1.4169851819900714E-5 1.0191983134004434E-5
0.8421052631578947 0.1 0.5263157894736842 0.09085163000000215 0.7649114499999342 0.1442369200000665 7.542749342767663E-6 1.56508038815506E-5 1.2515432913882962E-5
0.8421052631578947 0.1 0.5789473684210527 0.09216396000000156 0.7742751999999311 0.1335608400000678 8.217833118231987E-6 1.217610695758431E-5 7.932488494403339E-6
0.8421052631578947 0.1 0.631578947368421 0.09311026000000161 0.7822319199999328 0.12465782000006789 8.184526732216493E-6 1.342443511154201E-5 8.620168848004137E-6
0.8421052631578947 0.1 0.6842105263157895 0.09387289000000186 0.7916797499999308 0.114447360000069 5.861978047574587E-6 1.0724656934857357E-5 9.436405030436093E-6
0.8421052631578947 0.1 0.7368421052631579 0.09490851000000174 0.7974510299999276 0.10764046000007076 1.0862746579616209E-5 1.7875470941564053E-5 9.790800988361548E-6
0.8421052631578947 0.1 0.7894736842105263 0.09592997000000197 0.8020283399999224 0.10204169000007086 7.975996798808768E-6 1.0809350851737065E-5 8.174266943640485E-6
0.8421052631578947 0.1 0.8421052631578947 0.09666244000000143 0.8067595099999286 0.096578050000071 8.344765246220964E-6 1.2422123550015485E-5 7.543813197332869E-6
0.8421052631578947 0.1 0.8947368421052632 0.09637896000000126 0.8137215199999284 0.08989952000007141 1.0165527318176451E-5 1.965442887919E-5 1.0091489769603612E-5
0.8421052631578947 0.1 0.9473684210526315 0.09789811000000112 0.8155454599999283 0.0865564300000716 9.061547427864636E-6 1.4576797386145479E-5 8.856532655184511E-6
0.8421052631578947 0.1 1.0 0.09773531000000145 0.8203312799999267 0.08193341000007207 6.1401342037661205E-6 1.1273973565928408E-5 7.122190771995454E-6

0.8947368421052632 0.1 0.0 0.01179999999999938 0.02531358000000227 0.9628864200001105 1.0706496453294356E-17 0.0025593480495832745 0.002559348049229304
0.8947368421052632 0.1 0.05263157894736842 0.09177145000000143 0.31530807999998206 0.592920470000017 1.3479358389735518E-4 2.0726472671278584E-4 3.997233398123079E-5
0.8947368421052632 0.1 0.10526315789473684 0.06809801000000129 0.4801606299999628 0.4517413600000355 1.0338061039799444E-5 3.8908657003067226E-5 2.702710334986924E-5
0.8947368421052632 0.1 0.15789473684210525 0.0700068500000012 0.5691486499999564 0.36084450000004525 6.750796077332338E-6 2.2007770172360885E-5 2.088154174653689E-5
0.8947368421052632 0.1 0.21052631578947367 0.07296266000000141 0.6304231199999427 0.29661422000005294 7.231071724176849E-6 2.467418546281408E-5 2.3347089790362596E-5
0.8947368421052632 0.1 0.2631578947368421 0.07673281000000118 0.6692472399999417 0.2540199500000574 6.907572503919712E-6 2.283123438395762E-5 2.0984110997115946E-5
0.8947368421052632 0.1 0.3157894736842105 0.07982147000000132 0.699412479999937 0.22076605000006 6.551372039309555E-6 1.6650856252131696E-5 1.4146524396921323E-5
0.8947368421052632 0.1 0.3684210526315789 0.08142197000000156 0.7246270599999339 0.1939509700000618 5.913288319331703E-6 1.3609311757978304E-5 1.419117905968742E-5
0.8947368421052632 0.1 0.42105263157894735 0.08302016000000188 0.741458499999939 0.17552134000006475 6.43656957465856E-6 1.206259175112745E-5 9.811034603856433E-6
0.8947368421052632 0.1 0.47368421052631576 0.08488394000000213 0.7554341599999338 0.15968190000006588 7.720318076351838E-6 1.8806819084060677E-5 1.2582758389362292E-5
0.8947368421052632 0.1 0.5263157894736842 0.08642414000000191 0.7674810799999302 0.14609478000006715 6.802559260325747E-6 1.3379294022342059E-5 9.977658751665619E-6
0.8947368421052632 0.1 0.5789473684210527 0.08771838000000189 0.7774253999999285 0.13485622000006786 9.18988017551553E-6 1.7706168839115577E-5 1.2927843311649062E-5
0.8947368421052632 0.1 0.631578947368421 0.08787344000000227 0.7881033999999276 0.1240231600000688 8.633058566250018E-6 1.5298334440805306E-5 1.0252315614720647E-5
0.8947368421052632 0.1 0.6842105263157895 0.089117270000002 0.7951581599999299 0.11572457000006955 8.253290746799632E-6 1.160635941144239E-5 7.873665314999528E-6
0.8947368421052632 0.1 0.7368421052631579 0.0901313100000022 0.8009058499999252 0.10896284000007105 6.791768683584581E-6 1.5064692776567412E-5 1.1506499134325554E-5
0.8947368421052632 0.1 0.7894736842105263 0.09044370000000172 0.8070193299999285 0.102536970000071 7.58338830984806E-6 1.3522545342370407E-5 7.92506221899622E-6
0.8947368421052632 0.1 0.8421052631578947 0.09072441000000216 0.8123135799999273 0.0969620100000716 7.646667151648204E-6 1.2583283575673399E-5 9.301509759791424E-6
0.8947368421052632 0.1 0.8947368421052632 0.09150057000000208 0.817221489999922 0.0912779400000724 7.2465586748744065E-6 1.2075893189744669E-5 7.225999356404514E-6
0.8947368421052632 0.1 0.9473684210526315 0.09202265000000208 0.820869509999925 0.08710784000007195 8.506843977233725E-6 1.2187151359976944E-5 7.575252534568894E-6
0.8947368421052632 0.1 1.0 0.09243142000000247 0.824886649999928 0.08268193000007287 7.897474783176081E-6 1.3625590774779539E-5 8.604648475151778E-6

0.9473684210526315 0.1 0.0 0.010600200000001244 0.026132730000001513 0.9632670700000072 2.195999176772545E-11 0.0027285105577467468 0.0027286038826558334
0.9473684210526315 0.1 0.05263157894736842 0.0897992700000012 0.3146212699999814 0.5955794600000177 1.2038487646700603E-4 1.9173322658762315E-4 3.017073810890336E-5
0.9473684210526315 0.1 0.10526315789473684 0.06495363000000076 0.4794238499999626 0.4556225200000358 9.142628823149979E-6 5.557710418138684E-5 3.365691885010014E-5
0.9473684210526315 0.1 0.15789473684210525 0.06569528000000054 0.5740569899999513 0.3602477300000469 6.80855572164369E-6 3.77632731391464E-5 3.256343484422941E-5
0.9473684210526315 0.1 0.21052631578947367 0.06973714000000064 0.6321846299999455 0.2980782300000525 6.188708620311588E-6 2.870474876320861E-5 2.2850809065944055E-5
0.9473684210526315 0.1 0.2631578947368421 0.07308330000000116 0.6732083499999417 0.2537083500000568 5.911151109842458E-6 1.637389527819888E-5 1.145570527724682E-5
0.9473684210526315 0.1 0.3157894736842105 0.0749374200000014 0.7039555899999357 0.2211069900000607 6.730573743439841E-6 2.368700476157448E-5 1.9920752139523934E-5
0.9473684210526315 0.1 0.3684210526315789 0.07726747000000121 0.7264776899999336 0.19625484000006246 7.580978799119099E-6 2.6238729261329752E-5 1.603883857496241E-5
0.9473684210526315 0.1 0.42105263157894735 0.07916905000000123 0.7449830799999334 0.17584787000006444 8.539047097704325E-6 2.033697170999993E-5 1.7171233462873886E-5
0.9473684210526315 0.1 0.47368421052631576 0.08042415000000172 0.759362519999933 0.16021333000006485 9.78205577762889E-6 2.1607493246089682E-5 1.3684787311046137E-5
0.9473684210526315 0.1 0.5263157894736842 0.08192804000000159 0.7722372699999326 0.14583469000006774 8.093359758720026E-6 2.2219349938179533E-5 1.4243593604270494E-5
0.9473684210526315 0.1 0.5789473684210527 0.08274872000000143 0.7820389499999306 0.13521233000006874 6.848316361782528E-6 1.6952629893984827E-5 1.0403378971221566E-5
0.9473684210526315 0.1 0.631578947368421 0.08372488000000157 0.7910205099999269 0.12525461000006918 9.299208985792153E-6 2.268724434673075E-5 1.1527126748341748E-5
0.9473684210526315 0.1 0.6842105263157895 0.08435539000000193 0.7988029399999242 0.11684167000007006 9.339464947928817E-6 1.4083101364970041E-5 1.1028940611170282E-5
0.9473684210526315 0.1 0.7368421052631579 0.08560958000000184 0.8048661299999272 0.10952429000007137 9.643670223549554E-6 1.4393761811559713E-5 9.045962995933923E-6
0.9473684210526315 0.1 0.7894736842105263 0.08575792000000235 0.8118072299999278 0.10243485000007155 7.51767727339564E-6 1.228411671927443E-5 7.129290477482161E-6
0.9473684210526315 0.1 0.8421052631578947 0.08616878000000172 0.8161597599999306 0.09767146000007199 7.961327311583125E-6 1.2525754733094807E-5 5.824999468346387E-6
0.9473684210526315 0.1 0.8947368421052632 0.08721795000000236 0.8207818099999264 0.09200024000007238 6.835716797273621E-6 1.304300612436915E-5 9.059261942487296E-6
0.9473684210526315 0.1 0.9473684210526315 0.0868489900000015 0.8261399899999262 0.08701102000007303 7.215398979869628E-6 1.3640241801615716E-5 7.613824559651525E-6
0.9473684210526315 0.1 1.0 0.0872008700000021 0.8302573999999203 0.08254173000007411 6.572168243003558E-6 1.1935469249602093E-5 6.027759607115518E-6

1.0 0.1 0.0 0.010099999999998685 0.02498699000000545 0.9649130099999357 4.1917966493720815E-17 0.002651940679739499 0.0026519406796913225
1.0 0.1 0.05263157894736842 0.08402887000000198 0.32087460999997963 0.5950965200000164 1.0729505752309597E-4 2.2113573234951167E-4 4.700495789705661E-5
1.0 0.1 0.10526315789473684 0.062217220000000344 0.4829416099999645 0.45484117000003726 7.21575947168181E-6 3.3239899607295786E-5 2.542524602752727E-5
1.0 0.1 0.15789473684210525 0.06254705000000087 0.5760056799999519 0.36144727000004984 6.5072812975514385E-6 2.4571683732654837E-5 1.9026344543565665E-5
1.0 0.1 0.21052631578947367 0.0662391700000006 0.6327332099999511 0.30102762000005445 5.922596711161604E-6 2.6057566093140583E-5 1.949012313302856E-5
1.0 0.1 0.2631578947368421 0.0688904100000005 0.6760307899999433 0.2550788000000572 5.999793031907091E-6 2.2047680970305183E-5 1.7646910560067952E-5
1.0 0.1 0.3157894736842105 0.0713600000000012 0.7058045999999396 0.22283540000006005 6.453873999843866E-6 2.3019982847372056E-5 2.0110396839939648E-5
1.0 0.1 0.3684210526315789 0.07370745000000112 0.7279843399999358 0.19830821000006302 5.577537497364858E-6 1.5930788758611314E-5 1.271292959648812E-5
1.0 0.1 0.42105263157894735 0.07514100000000104 0.7471272799999321 0.17773172000006524 6.402526999912429E-6 2.0628073791328916E-5 1.495676384121597E-5
1.0 0.1 0.47368421052631576 0.07641138000000097 0.7633149499999321 0.16027367000006648 5.85044049559915E-6 1.4428451480696936E-5 1.177277773068211E-5
1.0 0.1 0.5263157894736842 0.07814901000000134 0.775119319999929 0.1467316700000684 6.078831019918317E-6 1.5753382735850252E-5 1.3703546011316348E-5
1.0 0.1 0.5789473684210527 0.07846863000000139 0.7862202299999285 0.13531114000006925 7.025072923193439E-6 1.449567975175814E-5 1.145585590039272E-5
1.0 0.1 0.631578947368421 0.07923517000000127 0.7953464499999242 0.12541838000007047 6.766870071256426E-6 1.6076263403941304E-5 1.0838640175744874E-5
1.0 0.1 0.6842105263157895 0.08071635000000178 0.8013005399999273 0.11798311000007135 6.950391677773907E-6 1.3052451698469802E-5 8.235313727775195E-6
1.0 0.1 0.7368421052631579 0.08123152000000201 0.8091596999999253 0.10960878000007143 8.961656489732406E-6 2.3261083908265867E-5 1.1949812911670951E-5
1.0 0.1 0.7894736842105263 0.08215478000000175 0.8151545499999252 0.10269067000007245 7.782185151896867E-6 1.6824689302863405E-5 9.741539951127823E-6
1.0 0.1 0.8421052631578947 0.08184006000000207 0.8212694499999229 0.09689049000007266 8.556265196652674E-6 1.780604770240668E-5 9.235600559914098E-6
1.0 0.1 0.8947368421052632 0.08195224000000213 0.82537974999992 0.09266801000007292 7.2360369826026186E-6 1.3918668948620372E-5 8.07549163999409E-6
1.0 0.1 0.9473684210526315 0.08342014000000178 0.8292814999999247 0.08729836000007372 8.07909438052274E-6 1.5543005754015127E-5 8.904315310397266E-6
1.0 0.1 1.0 0.08335577000000206 0.8329631999999213 0.08368103000007394 9.495264707145082E-6 1.6279057766244165E-5 7.602795139171302E-6

