0.0 0.5 0.0 0.32449999999999896 2.923999999999995E-5 0.6754707600001728 -2.3689383787939278E-14 1.9331022400000715E-8 1.9330875622447508E-8
0.0 0.5 0.05263157894736842 0.920435389999923 4.0870000000000644E-5 0.07952374000008422 0.010308596414548732 5.073064309999989E-8 0.010283495258410477
0.0 0.5 0.10526315789473684 0.9762062899998087 3.373000000000062E-5 0.023759980000091316 0.0024512130655782727 3.169128709999953E-8 0.002438305900398862
0.0 0.5 0.15789473684210525 0.9887542599998217 4.9080000000000824E-5 0.01119666000008832 8.453265840331348E-4 4.829115359999908E-8 8.341212108442802E-4
0.0 0.5 0.21052631578947367 0.9945401599998933 4.166000000000067E-5 0.005418180000094315 2.9288778325797793E-4 4.4156444400000316E-8 2.8641900948751694E-4
0.0 0.5 0.2631578947368421 0.9971488599998926 6.0300000000000646E-5 0.0027908400000947837 1.0228338279016924E-4 9.395191000000157E-8 9.660418609436973E-5
0.0 0.5 0.3157894736842105 0.9983188599998919 3.352000000000087E-5 0.0016476200000931835 4.145846039160794E-5 2.3636409600000594E-8 3.954897833559287E-5
0.0 0.5 0.3684210526315789 0.9988395999998904 5.022000000000027E-5 0.0011101800000932471 1.7776553931203587E-5 5.490395159999966E-8 1.5898514367597427E-5
0.0 0.5 0.42105263157894735 0.9993694499998946 2.287000000000004E-5 6.076800000941737E-4 8.017831783835305E-6 1.6195963100000412E-8 7.333645017597313E-6
0.0 0.5 0.47368421052631576 0.9996292199998922 4.469000000000098E-5 3.260900000937434E-4 2.798540286730322E-6 4.25158038999997E-8 2.156994311899482E-6
0.0 0.5 0.5263157894736842 0.9996734699998912 3.7270000000001166E-5 2.89260000093748E-4 2.2440672562407116E-6 2.961594710000075E-8 1.766858652399559E-6
0.0 0.5 0.5789473684210527 0.999742479999892 5.9180000000000284E-5 1.9834000009375598E-4 1.5192295443888781E-6 7.848972760000149E-8 9.104472443997473E-7
0.0 0.5 0.631578947368421 0.9998214899998918 4.693000000000011E-5 1.3158000009376512E-4 7.503032730671322E-7 6.915057510000024E-8 3.722927035998907E-7
0.0 0.5 0.6842105263157895 0.999830679999891 5.074999999999971E-5 1.1857000009376775E-4 6.436908336349134E-7 5.909143749999936E-8 3.167041550999113E-7
0.0 0.5 0.7368421052631579 0.9998264299998937 6.0460000000001505E-5 1.1311000009377E-4 5.101685476294193E-7 5.583458839999924E-8 2.322071278999394E-7
0.0 0.5 0.7894736842105263 0.9998737699998927 4.321000000000084E-5 8.302000009377551E-5 3.5993108005172303E-7 4.984389589999916E-8 1.450796795999577E-7
0.0 0.5 0.8421052631578947 0.9999098399998925 3.0840000000000525E-5 5.9320000093777106E-5 1.8903926723989883E-7 3.060289439999985E-8 7.033113759997994E-8
0.0 0.5 0.8947368421052632 0.9998953699998899 4.330000000000184E-5 6.133000009377609E-5 2.5715565976636157E-7 3.510710999999828E-8 1.0537763109996794E-7
0.0 0.5 0.9473684210526315 0.999924359999891 2.899000000000009E-5 4.665000009377715E-5 1.5347668524956504E-7 2.2608579900000127E-8 6.091877749998097E-8
0.0 0.5 1.0 0.9998787999998932 7.13200000000015E-5 4.988000009377492E-5 2.761706480169934E-7 9.882945760000259E-8 4.7005985599976084E-8

0.05263157894736842 0.5 0.0 0.29900293999994754 4.285000000000124E-5 0.7009542099999366 2.853672576019761E-10 2.9648877500000402E-8 3.48544492712044E-8
0.05263157894736842 0.5 0.05263157894736842 0.9167373999999378 8.793999999999661E-5 0.08317466000008164 0.011629990361155196 1.4209455640000412E-7 0.011575923163882892
0.05263157894736842 0.5 0.10526315789473684 0.9716577499998362 1.327600000000003E-4 0.028209490000091153 0.0034010413561123 2.967287823999946E-7 0.0033478993029400434
0.05263157894736842 0.5 0.15789473684210525 0.9877293899998955 1.6414999999999762E-4 0.01210646000008885 0.0010147747852869982 4.354217774999934E-7 9.76114756268284E-4
0.05263157894736842 0.5 0.21052631578947367 0.9931661299999032 1.49869999999999E-4 0.006684000000094111 4.325080158762429E-4 5.811779831000019E-7 4.0470621799988595E-4
0.05263157894736842 0.5 0.2631578947368421 0.9960312299998976 1.6532000000000252E-4 0.0038034500000946204 1.693063157638397E-4 5.070072976000077E-7 1.5203263709745888E-4
0.05263157894736842 0.5 0.3157894736842105 0.9976271199998961 1.8649999999999898E-4 0.0021863800000947553 7.396940258064255E-5 5.539857500000059E-7 6.180075649557423E-5
0.05263157894736842 0.5 0.3684210526315789 0.9981611399998941 2.693400000000007E-4 0.0015695200000931406 4.658529198664496E-5 9.634379644000103E-7 3.420464296959249E-5
0.05263157894736842 0.5 0.42105263157894735 0.9985717599998932 2.527699999999979E-4 0.0011754700000932061 3.086969459187294E-5 9.909523271000016E-7 2.0843899279095597E-5
0.05263157894736842 0.5 0.47368421052631576 0.998926329999894 2.2929000000000018E-4 8.44380000094107E-4 1.78064818174839E-5 9.260490958999974E-7 1.0657890415596095E-5
0.05263157894736842 0.5 0.5263157894736842 0.9991799099998944 2.2853000000000036E-4 5.915600000941535E-4 1.0701583478378573E-5 8.105810391000071E-7 5.641480766397732E-6
0.05263157894736842 0.5 0.5789473684210527 0.9992599399998925 2.393899999999982E-4 5.006700000941788E-4 9.498257289575207E-6 1.1878834279000039E-6 4.000422551098194E-6
0.05263157894736842 0.5 0.631578947368421 0.9993700699998889 2.5684999999999874E-4 3.730800000937086E-4 6.739681293499444E-6 1.0461890775000062E-6 2.497679313599138E-6
0.05263157894736842 0.5 0.6842105263157895 0.9993089899998905 2.9626999999999654E-4 3.947400000937057E-4 6.251968275527986E-6 1.0246570871000244E-6 2.2566743323992244E-6
0.05263157894736842 0.5 0.7368421052631579 0.9994860099998938 2.2655999999999848E-4 2.874300000937222E-4 3.9427773690370316E-6 7.35556566399998E-7 1.2803449950995087E-6
0.05263157894736842 0.5 0.7894736842105263 0.9995528999998923 2.0185999999999823E-4 2.4524000009373777E-4 3.844811683917371E-6 7.475005404000041E-7 1.2111993423995277E-6
0.05263157894736842 0.5 0.8421052631578947 0.9992877599998911 3.6679000000000193E-4 3.454500000937099E-4 6.6989802786077135E-6 1.8485700959000316E-6 1.531129297499293E-6
0.05263157894736842 0.5 0.8947368421052632 0.9993572699998947 3.2362999999999414E-4 3.191000000937147E-4 6.661407233043981E-6 1.761570623100008E-6 1.5830411899992843E-6
0.05263157894736842 0.5 0.9473684210526315 0.9994974199998925 2.9319999999999867E-4 2.0938000009372869E-4 3.6741814379848137E-6 1.1784297599999983E-6 7.203580155996571E-7
0.05263157894736842 0.5 1.0 0.9994552399999004 3.110799999999732E-4 2.336800000937253E-4 4.257836602961085E-6 1.3190172336000264E-6 8.527816575995496E-7

0.10526315789473684 0.5 0.0 0.2642018199999771 5.879000000000017E-5 0.7357393900001032 1.786814307624951E-10 1.0762873590000075E-7 1.155032983701787E-7
0.10526315789473684 0.5 0.05263157894736842 0.9122009299998971 2.005100000000001E-4 0.08759856000008534 0.012881827570155213 6.324167399000034E-7 0.012754556967924595
0.10526315789473684 0.5 0.10526315789473684 0.9683415499998381 2.6452999999999156E-4 0.031393920000087235 0.0041585984587438896 1.0038308791000112E-6 0.004049373199033539
0.10526315789473684 0.5 0.15789473684210525 0.9850145299999062 3.4867999999999184E-4 0.014636790000088053 0.0014443836779286512 1.9648102576000793E-6 0.00134925454349573
0.10526315789473684 0.5 0.21052631578947367 0.9912201399999064 6.327999999999972E-4 0.008147060000088304 6.884045664300453E-4 5.959744159999911E-6 5.701259813563189E-4
0.10526315789473684 0.5 0.2631578947368421 0.9941870699998931 5.004899999999848E-4 0.005312440000093941 3.2562949989467516E-4 2.8630547599001098E-6 2.6829172524632386E-4
0.10526315789473684 0.5 0.3157894736842105 0.995449349999893 6.587800000000167E-4 0.0038918700000944518 2.18185917662872E-4 4.72053491160007E-6 1.58987896903055E-4
0.10526315789473684 0.5 0.3684210526315789 0.9965611399998973 7.052000000000086E-4 0.0027336600000945513 1.2408162797461486E-4 4.898014959999906E-6 7.988132700436837E-5
0.10526315789473684 0.5 0.42105263157894735 0.9972248099998993 7.288300000000112E-4 0.0020463600000947472 8.11447715364233E-5 5.3650998311000545E-6 4.490774675038151E-5
0.10526315789473684 0.5 0.47368421052631576 0.9973675799998967 8.08460000000022E-4 0.0018239600000931673 8.151658501831527E-5 7.5707464283994434E-6 3.9550103918389375E-5
0.10526315789473684 0.5 0.5263157894736842 0.9976979099998906 7.751699999999973E-4 0.0015269200000931162 6.126063272571258E-5 6.683136471099942E-6 2.7585661313592626E-5
0.10526315789473684 0.5 0.5789473684210527 0.9976308699998956 9.90790000000011E-4 0.001378340000093119 5.2459706121998906E-5 8.870782175899853E-6 1.8349226844394644E-5
0.10526315789473684 0.5 0.631578947368421 0.9979914899998943 8.488300000000021E-4 0.0011596800000931993 4.4700432663913325E-5 8.378414631099659E-6 1.445441029759554E-5
0.10526315789473684 0.5 0.6842105263157895 0.9981475299998954 8.488199999999942E-4 0.0010036500000932163 3.288249997868142E-5 6.7040286075999354E-6 9.97311567749671E-6
0.10526315789473684 0.5 0.7368421052631579 0.9980153599998941 9.636200000000071E-4 0.0010210200000931966 4.4578692154906285E-5 1.0554242495599727E-5 1.1822650159595764E-5
0.10526315789473684 0.5 0.7894736842105263 0.9980211699999278 0.0010866700000000534 8.921600000938738E-4 3.3536722821136955E-5 9.925569311098593E-6 7.040046534395385E-6
0.10526315789473684 0.5 0.8421052631578947 0.9977506999998993 0.0012619099999999885 9.87390000093165E-4 4.461365358232605E-5 1.4095606151900035E-5 8.644885987896767E-6
0.10526315789473684 0.5 0.8947368421052632 0.9983609799998928 8.75960000000021E-4 7.630600000940133E-4 3.143220152579396E-5 8.835480078399702E-6 6.971495436396189E-6
0.10526315789473684 0.5 0.9473684210526315 0.9978622099998932 0.001226239999999982 9.11550000093958E-4 4.6488535002109366E-5 1.4676637462400286E-5 9.08305959749506E-6
0.10526315789473684 0.5 1.0 0.9982528699998956 0.0010693499999999926 6.777800000940331E-4 3.2262893844947627E-5 1.2140855577499882E-5 4.875004271596715E-6

0.15789473684210525 0.5 0.0 0.22810065000004473 1.1594999999999906E-4 0.7717833999998487 1.3254915914862053E-10 3.4231459749999963E-7 3.493726252745688E-7
0.15789473684210525 0.5 0.05263157894736842 0.8997856899999116 3.571099999999938E-4 0.09985720000008254 0.01592435493424338 1.7589174478999842E-6 0.015684480328157745
0.15789473684210525 0.5 0.10526315789473684 0.9634974099998709 6.200600000000249E-4 0.035882530000080994 0.005364107604393209 3.961383596399903E-6 0.005100653215799047
0.15789473684210525 0.5 0.15789473684210525 0.9814292799998688 8.316300000000222E-4 0.017739090000094927 0.0020439999247847673 7.514526543099635E-6 0.0018145968129712753
0.15789473684210525 0.5 0.21052631578947367 0.9872504899998971 0.00145843999999998 0.011291070000088456 0.001122363051820452 1.4790208766400223E-5 8.799294212549887E-4
0.15789473684210525 0.5 0.2631578947368421 0.9903942199999024 0.0014979199999999968 0.008107860000088556 7.113494946499044E-4 1.8693959673599894E-5 4.998858582203263E-4
0.15789473684210525 0.5 0.3157894736842105 0.9926255799998988 0.0016275499999999648 0.005746870000093829 3.7983705371924525E-4 1.3932909997500383E-5 2.495481642030101E-4
0.15789473684210525 0.5 0.3684210526315789 0.9916752099998725 0.002590979999999792 0.005733810000093229 4.351300225220456E-4 3.896886863959695E-5 2.1407068788380985E-4
0.15789473684210525 0.5 0.42105263157894735 0.9937149999998951 0.001982580000000005 0.004302420000094231 3.506503170781494E-4 3.819472854359962E-5 1.5772522414354023E-4
0.15789473684210525 0.5 0.47368421052631576 0.9945815399999005 0.002079859999999917 0.0033386000000942668 2.430382212922355E-4 3.60314703803988E-5 9.237972803995652E-5
0.15789473684210525 0.5 0.5263157894736842 0.9940520499999059 0.0025427699999999317 0.0034051800000940223 2.182619118356044E-4 3.80832857270957E-5 7.456196716755625E-5
0.15789473684210525 0.5 0.5789473684210527 0.9941932599998959 0.002759140000000046 0.003047600000094006 1.9476336063017907E-4 3.814109046040023E-5 6.116384023996643E-5
0.15789473684210525 0.5 0.631578947368421 0.9921605099998974 0.004008759999999826 0.0038307300000938005 2.9889409760253116E-4 7.71745392624002E-5 7.288373466705912E-5
0.15789473684210525 0.5 0.6842105263157895 0.9934011499998932 0.0033657699999999255 0.0032330800000938817 2.724709217246657E-4 7.112333730709482E-5 6.560764171355661E-5
0.15789473684210525 0.5 0.7368421052631579 0.9934747299998978 0.003473990000000021 0.0030512800000940007 2.4059777849161357E-4 6.746252447989792E-5 5.354676236156841E-5
0.15789473684210525 0.5 0.7894736842105263 0.9934821999999026 0.0036500599999999502 0.002867740000094036 2.513329932072317E-4 7.705020599639708E-5 5.046135929236912E-5
0.15789473684210525 0.5 0.8421052631578947 0.9933043699998922 0.0039282399999999535 0.0027673900000938214 2.2120401199499096E-4 7.747511650239664E-5 3.7034457587876666E-5
0.15789473684210525 0.5 0.8947368421052632 0.9944104599998986 0.0034056199999999647 0.002183920000094295 1.698616306555767E-4 6.384543641559868E-5 2.5627603433581112E-5
0.15789473684210525 0.5 0.9473684210526315 0.992674059999899 0.004693360000000062 0.00263258000009392 2.688083571782407E-4 1.0841502991039819E-4 3.6031578543573076E-5
0.15789473684210525 0.5 1.0 0.9933174499999039 0.004238939999999958 0.0024436100000939875 2.2059943454977304E-4 8.73153796764007E-5 3.0600197167877435E-5

0.21052631578947367 0.5 0.0 0.20520063999996624 1.3799000000000274E-4 0.7946613700001359 7.160159271046851E-11 4.6305975990001114E-7 4.7016254578480243E-7
0.21052631578947367 0.5 0.05263157894736842 0.8954683099999118 3.989499999999969E-4 0.1041327400000807 0.01758999379674342 2.0082998974999767E-6 0.017311793070089676
0.21052631578947367 0.5 0.10526315789473684 0.9597665599998961 8.635499999999965E-4 0.03936989000008156 0.006397085367813471 6.376690397499956E-6 0.006023013698387395
0.21052631578947367 0.5 0.15789473684210525 0.9765491199998968 0.0015416500000000027 0.021909230000095155 0.002916405383274867 1.6940630277500005E-5 0.0024937080378063165
0.21052631578947367 0.5 0.21052631578947367 0.9819521599998958 0.0023727499999999448 0.015675090000096287 0.0018955840473865448 3.426317643749932E-5 0.001422575936491372
0.21052631578947367 0.5 0.2631578947368421 0.9842317199998674 0.0033111499999999845 0.012457130000089228 0.0012494870299629701 5.044187667749747E-5 7.99280557162946E-4
0.21052631578947367 0.5 0.3157894736842105 0.9837855599999061 0.004642499999999983 0.01157194000008997 0.0011312274255329546 8.749532974999615E-5 5.907053146362913E-4
0.21052631578947367 0.5 0.3684210526315789 0.982351639999896 0.006164400000000266 0.011483960000089699 0.0011288749993476621 1.2916887464000095E-4 4.960600167182915E-4
0.21052631578947367 0.5 0.42105263157894735 0.9837066899998749 0.006292260000000285 0.010001050000090965 9.984356103230896E-4 1.402024060924003E-4 3.911560418973836E-4
0.21052631578947367 0.5 0.47368421052631576 0.9808864999998719 0.008236550000000198 0.010876950000089097 0.0011559987118532344 2.0990897709750788E-4 3.82266007697397E-4
0.21052631578947367 0.5 0.5263157894736842 0.9815849599998958 0.008549749999999863 0.009865290000090813 9.686319238252361E-4 2.0966804193749876E-4 2.779907982157812E-4
0.21052631578947367 0.5 0.5789473684210527 0.9826195599999235 0.008704249999999946 0.008676190000090584 8.92502913377724E-4 2.154637929375099E-4 2.3153087608380183E-4
0.21052631578947367 0.5 0.631578947368421 0.9830540899998966 0.008697529999999265 0.008248380000090262 0.0010430324133231528 2.8118069089912005E-4 2.419506153754993E-4
0.21052631578947367 0.5 0.6842105263157895 0.9798500699998918 0.011152290000000358 0.00899764000009055 0.0010111212780352652 2.9994469475590104E-4 2.1093847243029457E-4
0.21052631578947367 0.5 0.7368421052631579 0.9793594499999125 0.011722109999999949 0.008918440000091789 9.665601886941211E-4 3.039275341479283E-4 1.874315379662764E-4
0.21052631578947367 0.5 0.7894736842105263 0.9767477699998963 0.013787010000000195 0.009465220000092518 0.0010626197950250882 3.6475958625988583E-4 1.8344643835145488E-4
0.21052631578947367 0.5 0.8421052631578947 0.9782380399999079 0.013261410000000185 0.008500550000088978 0.0010783181149871535 3.9662532981190457E-4 1.680188146974506E-4
0.21052631578947367 0.5 0.8947368421052632 0.9757863499998976 0.015107840000000122 0.00910581000009073 0.001170311944722613 4.504729105343948E-4 1.6983784724379367E-4
0.21052631578947367 0.5 0.9473684210526315 0.9746039199998996 0.016323250000000473 0.009072830000089594 0.0013056183886572814 5.351740224374885E-4 1.6990662479100365E-4
0.21052631578947367 0.5 1.0 0.9774759899999107 0.014678669999999254 0.007845340000090862 0.0010772718605105425 4.5834220203111567E-4 1.3119404628434382E-4

0.2631578947368421 0.5 0.0 0.18870188000002322 1.3738999999999893E-4 0.8111607299999137 5.264546160121952E-10 5.158769879000044E-7 5.390550179562581E-7
0.2631578947368421 0.5 0.05263157894736842 0.8889045399999135 6.976700000000165E-4 0.1103977900000816 0.020786800637420888 6.454283571099997E-6 0.02025066022611071
0.2631578947368421 0.5 0.10526315789473684 0.9514355899998391 0.0017209799999999532 0.04684343000008859 0.008278456820453584 1.627461983960071E-5 0.0076208796208334685
0.2631578947368421 0.5 0.15789473684210525 0.9717804999998474 0.0018917400000000315 0.026327760000092803 0.004044852001903743 2.6411753772400222E-5 0.003430554497382225
0.2631578947368421 0.5 0.21052631578947367 0.971386789999861 0.005361529999999636 0.023251680000093203 0.003207414264600028 1.0587830305910459E-4 0.002152866019176815
0.2631578947368421 0.5 0.2631578947368421 0.9691229299999184 0.008242129999998734 0.022634940000089733 0.0024540482931537655 1.4656086206311822E-4 0.001406131119196003
0.2631578947368421 0.5 0.3157894736842105 0.9684770999998845 0.010060609999998969 0.021462290000091293 0.0028140481376401905 2.7773670742792483E-4 0.001325957784955371
0.2631578947368421 0.5 0.3684210526315789 0.9618713499998963 0.014451509999999427 0.02367714000008847 0.002491910616177262 3.360898157198889E-4 0.00100173518742005
0.2631578947368421 0.5 0.42105263157894735 0.9427393599999132 0.025190030000000634 0.032070610000086916 0.0024729146648065914 4.7061465759912127E-4 7.981842832275792E-4
0.2631578947368421 0.5 0.47368421052631576 0.9394722399999094 0.027984770000000457 0.03254299000008679 0.002247778281402657 4.584723970470515E-4 6.805873328596199E-4
0.2631578947368421 0.5 0.5263157894736842 0.9442573999999153 0.027105670000000383 0.028636930000087366 0.002673089327246969 6.052757608510912E-4 7.383824651747549E-4
0.2631578947368421 0.5 0.5789473684210527 0.9377976099999119 0.032507990000000424 0.029694400000086846 0.002691817965308485 7.0025213315987E-4 6.496844586397063E-4
0.2631578947368421 0.5 0.631578947368421 0.9296100499999171 0.038404030000000346 0.031985920000085155 0.002291538900000001 6.738052587591348E-4 4.8477843375341096E-4
0.2631578947368421 0.5 0.6842105263157895 0.9225000499999154 0.0442248700000006 0.033275080000085035 0.0021948661730082364 7.141780424831583E-4 4.105197829933774E-4
0.2631578947368421 0.5 0.7368421052631579 0.9131510999999232 0.050908750000000606 0.03594015000008372 0.0022300481207743195 7.378184824375048E-4 4.066213249773289E-4
0.2631578947368421 0.5 0.7894736842105263 0.9130657699999131 0.05274788000000016 0.034186350000083576 0.001918778363294904 6.692873155056118E-4 3.256985186773629E-4
0.2631578947368421 0.5 0.8421052631578947 0.9042230599999144 0.059540869999999836 0.03623607000008301 0.002624220082256712 0.0010162032686431822 3.7780591195487223E-4
0.2631578947368421 0.5 0.8947368421052632 0.8975341199999202 0.06529946999999978 0.037166410000081584 0.0022666225318237476 9.343127227191264E-4 2.9452900471176784E-4
0.2631578947368421 0.5 0.9473684210526315 0.8951482399999178 0.0679932800000008 0.036858480000081094 0.0013714781649287744 5.531239088416105E-4 1.869385280895107E-4
0.2631578947368421 0.5 1.0 0.8849999099999276 0.0765463800000013 0.038453710000079966 0.0013504386129701285 5.748840388954454E-4 1.6740951423579857E-4

0.3157894736842105 0.5 0.0 0.17481326999996286 2.1927000000000152E-4 0.8249674599998279 6.770918058868203E-9 8.508376671000192E-7 9.994674219360178E-7
0.3157894736842105 0.5 0.05263157894736842 0.8853125599999163 8.422800000000151E-4 0.11384516000007971 0.0211165162442426 6.782134401599674E-6 0.020522584748568492
0.3157894736842105 0.5 0.10526315789473684 0.950027059999882 0.001886069999999993 0.048086870000085075 0.009223645577814743 2.5484236955100014E-5 0.008312245222601638
0.3157894736842105 0.5 0.15789473684210525 0.943842389999902 0.008866270000000169 0.047291340000087605 0.005607161680136641 8.989777328710249E-5 0.004293237783003433
0.3157894736842105 0.5 0.21052631578947367 0.9459018899999232 0.012340069999999802 0.04175804000008791 0.004099651859399089 1.6411903539510715E-4 0.0026377466233575117
0.3157894736842105 0.5 0.2631578947368421 0.92834697999991 0.021837530000000712 0.049815490000085776 0.0040853427349145655 3.309500364991095E-4 0.002102517263059299
0.3157894736842105 0.5 0.3157894736842105 0.8796114699999167 0.04522396000000058 0.07516457000008024 0.0020889009554398985 2.1446140591839134E-4 9.848025717147154E-4
0.3157894736842105 0.5 0.3684210526315789 0.8725953299999227 0.05273683999999961 0.07466783000007958 0.002303178907186454 3.21993670814496E-4 9.170310420907775E-4
0.3157894736842105 0.5 0.42105263157894735 0.8549676499999207 0.06474301000000031 0.08028934000007636 0.00248370357847405 4.6578196913996985E-4 8.09535322364296E-4
0.3157894736842105 0.5 0.47368421052631576 0.8299138999999186 0.08178985000000126 0.08829625000007393 0.0016335815487915628 3.5534897597742053E-4 4.732245109372998E-4
0.3157894736842105 0.5 0.5263157894736842 0.8246957299999227 0.08834694000000233 0.0869573300000732 0.0014255942627655616 3.7127136063597015E-4 3.529189142709773E-4
0.3157894736842105 0.5 0.5789473684210527 0.7986788999999371 0.10723149000000186 0.0940896100000703 0.001094196184778684 2.994800293797707E-4 2.61532643047702E-4
0.3157894736842105 0.5 0.631578947368421 0.7770330199999264 0.12450030000000123 0.09846668000006725 5.34870179691227E-4 1.5287497391016334E-4 1.3151512377738983E-4
0.3157894736842105 0.5 0.6842105263157895 0.7665223599999315 0.13481670000000107 0.09866094000006656 2.373083860275349E-4 7.519159911039547E-5 5.657507431621432E-5
0.3157894736842105 0.5 0.7368421052631579 0.7569270799999284 0.14483001999999992 0.0982429000000662 2.174140346761222E-4 7.865857879954877E-5 4.5781361590023495E-5
0.3157894736842105 0.5 0.7894736842105263 0.7558162699999323 0.1487773200000003 0.09540641000006704 2.65816522298401E-4 1.0126908161735976E-4 4.838796391190385E-5
0.3157894736842105 0.5 0.8421052631578947 0.7544238399999326 0.15421904999999897 0.09135711000006702 3.348705796499818E-4 1.4332045009721878E-4 5.257455144795295E-5
0.3157894736842105 0.5 0.8947368421052632 0.7431277499999382 0.1648484299999979 0.09202382000006697 1.9577096692569018E-4 8.544686753550468E-5 3.317916060765168E-5
0.3157894736842105 0.5 0.9473684210526315 0.7422681799999357 0.16871357999999811 0.08901824000006775 1.8049981546841565E-4 8.227625558421964E-5 3.0019149302368264E-5
0.3157894736842105 0.5 1.0 0.7330835799999356 0.17795486999999657 0.08896155000006747 8.918295439330759E-5 4.097725228231763E-5 1.8330396597538226E-5

0.3684210526315789 0.5 0.0 0.1473059900000001 1.6528999999999727E-4 0.8525287200001832 1.57511966317192E-9 6.38880215900018E-7 6.992446989206869E-7
0.3684210526315789 0.5 0.05263157894736842 0.8789706299999176 9.136100000000098E-4 0.12011576000008004 0.023760336652432934 1.0345729767899786E-5 0.023028003469615997
0.3684210526315789 0.5 0.10526315789473684 0.9366109099999077 0.0038036999999999615 0.05958539000008793 0.010167537993993836 3.216157031000057E-5 0.009114520885545239
0.3684210526315789 0.5 0.15789473684210525 0.9116679499999154 0.016344590000000457 0.0719874600000844 0.006237797625810115 1.4545804673189142E-4 0.004550863106747389
0.3684210526315789 0.5 0.21052631578947367 0.8698061599999187 0.0349084799999999 0.09528536000007917 0.003826871566054546 1.7341283608960788E-4 0.0024139364556696827
0.3684210526315789 0.5 0.2631578947368421 0.8087674399999276 0.06407983000000043 0.1271527300000724 0.001462539333844215 9.297226417124063E-5 8.633853245467622E-4
0.3684210526315789 0.5 0.3157894736842105 0.7696159199999281 0.08788981000000208 0.14249427000006776 8.347334525604655E-4 8.374095116379845E-5 4.300630241670239E-4
0.3684210526315789 0.5 0.3684210526315789 0.7324900799999353 0.11355508000000111 0.15395484000006288 7.347031015970673E-4 1.1126143819393912E-4 3.0601996257421243E-4
0.3684210526315789 0.5 0.42105263157894735 0.7020639499999352 0.1352232200000003 0.16271283000005957 7.436571054063035E-4 1.4802301883217947E-4 2.646071223909169E-4
0.3684210526315789 0.5 0.47368421052631576 0.6862846299999449 0.15247160000000054 0.16124377000006065 8.432531074764604E-5 2.559093343977234E-5 3.6091365186400465E-5
0.3684210526315789 0.5 0.5263157894736842 0.6639855999999434 0.1725581299999983 0.16345627000005972 1.511377566386085E-4 5.037037190267629E-5 4.909227468668023E-5
0.3684210526315789 0.5 0.5789473684210527 0.650475919999944 0.18818195999999418 0.16134212000005965 9.305069815762623E-5 3.2454604558695976E-5 3.3432025905111296E-5
0.3684210526315789 0.5 0.631578947368421 0.6615703399999413 0.18925779999999548 0.1491718600000614 1.1896099428987394E-4 4.995672115978844E-5 2.7799858139984646E-5
0.3684210526315789 0.5 0.6842105263157895 0.6516994099999437 0.20115754999999366 0.14714304000006137 8.953539665940147E-5 3.730827499733025E-5 3.0136531558134366E-5
0.3684210526315789 0.5 0.7368421052631579 0.6440937199999456 0.21187386999999364 0.14403241000006234 9.952707256621895E-5 4.683804622310217E-5 2.418365259160976E-5
0.3684210526315789 0.5 0.7894736842105263 0.6375710699999453 0.22184788999999216 0.1405810400000627 8.559833605747968E-5 4.6903547547480495E-5 1.6171534517977343E-5
0.3684210526315789 0.5 0.8421052631578947 0.6375057599999505 0.22799050999999118 0.1345037300000637 5.2703358824957025E-5 3.0914902939140065E-5 1.53350370867035E-5
0.3684210526315789 0.5 0.8947368421052632 0.6395685299999458 0.23120696999999069 0.12922450000006322 1.1085512463565594E-4 5.4560456418877024E-5 1.898212175001704E-5
0.3684210526315789 0.5 0.9473684210526315 0.6318604299999442 0.24106626999998965 0.1270733000000628 4.248021121511236E-5 2.2242003287285816E-5 1.1954683110351055E-5
0.3684210526315789 0.5 1.0 0.6299755799999496 0.2464769399999888 0.1235474800000631 6.025100765749691E-5 3.482673623831506E-5 1.4307931649980982E-5

0.42105263157894735 0.5 0.0 0.13360000000000585 1.1379000000000029E-4 0.8662862100001886 -2.275957200481571E-15 3.526408358999974E-7 3.526404028786345E-7
0.42105263157894735 0.5 0.05263157894736842 0.8756552899999279 7.936200000000007E-4 0.12355109000007984 0.025524837238002474 7.28411929560013E-6 0.024879716414806064
0.42105263157894735 0.5 0.10526315789473684 0.920796819999914 0.006252600000000191 0.07295058000008552 0.011676121819891527 4.873166923999321E-5 0.010299657781660898
0.42105263157894735 0.5 0.15789473684210525 0.8280252399999247 0.03686163999999982 0.13511312000007497 0.0042193189649540885 5.951759051037609E-5 0.0033761990538654155
0.42105263157894735 0.5 0.21052631578947367 0.7430653499999358 0.07477652000000136 0.18215813000006378 9.82692496373061E-4 3.166319468959813E-5 7.379431999028699E-4
0.42105263157894735 0.5 0.2631578947368421 0.6858813699999416 0.10768663000000099 0.20643200000005643 3.785146199221101E-4 4.4739836243508704E-5 2.1918562000019376E-4
0.42105263157894735 0.5 0.3157894736842105 0.6418803699999464 0.13816742000000115 0.21995221000005277 1.6555801366091583E-4 3.4566636543661294E-5 8.233876511596488E-5
0.42105263157894735 0.5 0.3684210526315789 0.6223788799999468 0.15927253999999824 0.21834858000005283 1.2214446994307515E-4 3.933467394876336E-5 4.435206198362407E-5
0.42105263157894735 0.5 0.42105263157894735 0.6043100799999471 0.18116588999999547 0.21452403000005332 2.503649823960008E-4 6.638811150765783E-5 8.179356555879091E-5
0.42105263157894735 0.5 0.47368421052631576 0.5885739299999531 0.19998238999999426 0.21144368000005587 1.2582582335612935E-4 4.764838688758183E-5 3.97854120566532E-5
0.42105263157894735 0.5 0.5263157894736842 0.5794812099999529 0.2159084299999929 0.20461036000005503 9.551956793679706E-5 4.780784593478443E-5 2.599210466987939E-5
0.42105263157894735 0.5 0.5789473684210527 0.5750077299999529 0.22772562999999055 0.19726664000005648 5.9298287245879155E-5 2.9135622102868797E-5 2.3890307110162323E-5
0.42105263157894735 0.5 0.631578947368421 0.5699175099999523 0.24024525999998878 0.18983723000005698 6.890286240046617E-5 3.576868153287033E-5 2.1825480927772922E-5
0.42105263157894735 0.5 0.6842105263157895 0.5659635199999545 0.2504964899999875 0.1835399900000577 7.899337320749211E-5 3.5599846681264036E-5 2.681006979977224E-5
0.42105263157894735 0.5 0.7368421052631579 0.5645290599999558 0.25934557999998736 0.1761253600000587 4.8129609514224736E-5 2.9588242463768344E-5 1.7887380870443975E-5
0.42105263157894735 0.5 0.7894736842105263 0.5718843499999514 0.2607628799999892 0.16735277000005788 6.534517607875712E-5 3.8083030105537374E-5 1.8956036327188314E-5
0.42105263157894735 0.5 0.8421052631578947 0.5615504299999552 0.2751732699999861 0.16327630000005985 8.132273981398264E-5 5.160981450688662E-5 1.8303398309417462E-5
0.42105263157894735 0.5 0.8947368421052632 0.5591919699999542 0.2826095899999847 0.1581984400000591 5.379913251574164E-5 3.5443877032054205E-5 1.6628437566605647E-5
0.42105263157894735 0.5 0.9473684210526315 0.5619644299999554 0.2865565599999847 0.15147901000006025 4.9316093770457314E-5 3.7710068966370636E-5 1.4183352419934458E-5
0.42105263157894735 0.5 1.0 0.559256809999953 0.2937364099999841 0.14700678000006098 5.769404762134833E-5 3.576434331280243E-5 1.3679420031758455E-5

0.47368421052631576 0.5 0.0 0.12490000000001279 1.4610000000000022E-4 0.8749538999998713 -3.99333344169861E-15 4.845827900000028E-7 4.845829947308644E-7
0.47368421052631576 0.5 0.05263157894736842 0.8763648699999245 7.415300000000014E-4 0.12289360000008022 0.024702056786874982 5.311086259099984E-6 0.024143403303035035
0.47368421052631576 0.5 0.10526315789473684 0.8578690799999289 0.018330950000000047 0.12379997000007852 0.00885834054394452 3.297719309748229E-5 0.007929918296997825
0.47368421052631576 0.5 0.15789473684210525 0.725505049999933 0.06289147000000031 0.21160348000006282 0.00137855683350252 3.424939023919521E-5 0.0012352526438899752
0.47368421052631576 0.5 0.21052631578947367 0.6545717699999422 0.10146462000000173 0.24396361000005395 4.0267663207038673E-4 5.171862025568803E-5 3.2116072876739454E-4
0.47368421052631576 0.5 0.2631578947368421 0.5924343599999484 0.139733160000001 0.26783248000004783 1.9691192739651475E-4 4.244121841452328E-5 1.200006070497528E-4
0.47368421052631576 0.5 0.3157894736842105 0.565804099999955 0.16798718999999673 0.26620871000004787 9.037128518418758E-5 3.501882090442901E-5 4.162164913572297E-5
0.47368421052631576 0.5 0.3684210526315789 0.5383544299999573 0.19586355999999544 0.26578201000004725 6.356892437464623E-5 2.469762812548626E-5 2.8990167360049002E-5
0.47368421052631576 0.5 0.42105263157894735 0.5321427499999575 0.21378507999999277 0.2540721700000494 1.9263408343866972E-4 7.040127339342367E-5 5.281350849038746E-5
0.47368421052631576 0.5 0.47368421052631576 0.5248638199999579 0.23073384999999122 0.24440233000005068 6.628828300608847E-5 3.236531717625696E-5 2.177254757127628E-5
0.47368421052631576 0.5 0.5263157894736842 0.5178181199999573 0.24694073999998978 0.23524114000005228 1.1038428166953995E-4 4.995020425302421E-5 3.6767309499571854E-5
0.47368421052631576 0.5 0.5789473684210527 0.5118452099999641 0.2622541499999879 0.22590064000005283 7.72938870489126E-5 4.107615277747223E-5 2.5044435590614034E-5
0.47368421052631576 0.5 0.631578947368421 0.5104031599999624 0.27257725999998667 0.21701958000005384 7.70267680109682E-5 4.120869089269119E-5 2.661177662324765E-5
0.47368421052631576 0.5 0.6842105263157895 0.5048729999999596 0.285938389999984 0.20918861000005468 6.306472299977273E-5 3.912036520935247E-5 2.0926863267427265E-5
0.47368421052631576 0.5 0.7368421052631579 0.5065939399999626 0.29404661999998444 0.19935944000005604 6.835942327554356E-5 4.595510457572338E-5 1.9447754886374458E-5
0.47368421052631576 0.5 0.7894736842105263 0.505526989999961 0.30234922999998426 0.1921237800000569 4.1230722536589326E-5 3.194708940656987E-5 1.807681051232274E-5
0.47368421052631576 0.5 0.8421052631578947 0.5090005099999605 0.30790024999998206 0.1830992400000567 5.8032538739316575E-5 4.215353893724516E-5 1.548252342260803E-5
0.47368421052631576 0.5 0.8947368421052632 0.5085024399999618 0.31484916999998175 0.1766483900000591 4.0223180042320283E-5 3.216138131172108E-5 1.5836109407928872E-5
0.47368421052631576 0.5 0.9473684210526315 0.5044075899999617 0.32508075999997776 0.17051165000005813 5.123714738886065E-5 3.8361247824095224E-5 1.743079927755964E-5
0.47368421052631576 0.5 1.0 0.5067836499999601 0.3285889499999804 0.16462740000005907 4.058034967696633E-5 3.041135689690888E-5 1.1887475239589357E-5

0.5263157894736842 0.5 0.0 0.11220188000002543 1.87499999999999E-4 0.8876106200000881 1.8446302298136263E-10 7.352397500000088E-7 7.55106985939058E-7
0.5263157894736842 0.5 0.05263157894736842 0.8717583099999408 9.821699999999823E-4 0.12725952000008267 0.02619235245091145 8.79494509109946E-6 0.025449768781362327
0.5263157894736842 0.5 0.10526315789473684 0.7980950199999338 0.02941410000000021 0.1724908800000727 0.005295008257184208 2.0990197189982578E-5 0.005161895458823864
0.5263157894736842 0.5 0.15789473684210525 0.6508960399999476 0.08169885000000147 0.2674051100000551 8.337536943180957E-4 3.5881237677536267E-5 7.286446648854805E-4
0.5263157894736842 0.5 0.21052631578947367 0.5714856399999528 0.12683982000000132 0.3016745400000443 1.621616117912783E-4 3.5103856368182834E-5 1.0639016978704341E-4
0.5263157894736842 0.5 0.2631578947368421 0.5361581299999564 0.1588118899999988 0.3050299800000432 1.1134834390352788E-4 3.1184843628056375E-5 6.534763319980541E-5
0.5263157894736842 0.5 0.3157894736842105 0.5028107199999613 0.19220445999999528 0.30498482000004495 9.925650907993688E-5 3.449911810793349E-5 4.3177357566759333E-5
0.5263157894736842 0.5 0.3684210526315789 0.4872695299999622 0.2172309199999912 0.2954995500000438 6.933674857881322E-5 3.477326395406877E-5 2.7041222797494213E-5
0.5263157894736842 0.5 0.42105263157894735 0.472666069999964 0.2414113699999904 0.2859225600000462 6.988672375557448E-5 3.533697772307304E-5 2.962297304621997E-5
0.5263157894736842 0.5 0.47368421052631576 0.46935055999996333 0.2582953099999873 0.2723541300000487 1.0353712368793566E-4 5.398305100541567E-5 2.7508372942172676E-5
0.5263157894736842 0.5 0.5263157894736842 0.46433328999996515 0.27407743999998674 0.2615892700000482 1.0942825077575602E-4 6.091114504590267E-5 3.624241586662469E-5
0.5263157894736842 0.5 0.5789473684210527 0.46295245999996515 0.28826519999998407 0.24878234000005076 7.02466739495311E-5 4.183712696069486E-5 2.2459712124188458E-5
0.5263157894736842 0.5 0.631578947368421 0.46216774999996424 0.30039688999998326 0.23743536000005186 8.538510093830665E-5 4.437380532783253E-5 2.2896265670112326E-5
0.5263157894736842 0.5 0.6842105263157895 0.4597920099999649 0.31257450999998176 0.22763348000005273 6.599541915799922E-5 4.2770989259824366E-5 2.143289309008284E-5
0.5263157894736842 0.5 0.7368421052631579 0.460684289999964 0.3215879399999799 0.21772777000005322 5.4785934196499575E-5 4.0978238557240476E-5 2.048234982719027E-5
0.5263157894736842 0.5 0.7894736842105263 0.46034115999996467 0.3303752299999816 0.20928361000005435 5.613240185567414E-5 4.146471544545782E-5 1.7766130367330435E-5
0.5263157894736842 0.5 0.8421052631578947 0.4617320299999648 0.33624728999997744 0.2020206800000549 4.781490708069547E-5 3.999082665498421E-5 1.718477633774751E-5
0.5263157894736842 0.5 0.8947368421052632 0.45966319999996574 0.347038669999977 0.19329813000005652 6.535853976011308E-5 4.579148362765517E-5 2.2032087503495723E-5
0.5263157894736842 0.5 0.9473684210526315 0.46284511999996564 0.3517140799999788 0.1854408000000568 3.106516618686661E-5 2.8982805750824014E-5 1.3612921360005303E-5
0.5263157894736842 0.5 1.0 0.4609218499999648 0.35980870999997716 0.17926944000005787 4.449503757827933E-5 3.6953509135601026E-5 1.80741260866063E-5

0.5789473684210527 0.5 0.0 0.10710150999998108 1.545999999999949E-4 0.8927438900001308 2.5472583591035214E-10 5.057848400000375E-7 5.224385114521723E-7
0.5789473684210527 0.5 0.05263157894736842 0.8734750799999107 8.302399999999913E-4 0.12569468000008174 0.026483349577015702 6.660911542399822E-6 0.025855328855691504
0.5789473684210527 0.5 0.10526315789473684 0.6856193099999435 0.05119463000000014 0.2631860600000612 0.003736628016121124 1.0259680616314095E-4 0.0034743382356737795
0.5789473684210527 0.5 0.15789473684210525 0.5822975999999525 0.09975387000000122 0.3179485300000474 4.562239682364133E-4 7.686907302312251E-5 4.1527289983808724E-4
0.5789473684210527 0.5 0.21052631578947367 0.5153673299999606 0.14305414000000005 0.3415785300000401 2.432772936684091E-4 6.807887486052003E-5 1.3896736603885573E-4
0.5789473684210527 0.5 0.2631578947368421 0.47731483999996493 0.18042839999999577 0.34225676000003885 1.5999459977483754E-4 5.0870741439806855E-5 8.20178903035429E-5
0.5789473684210527 0.5 0.3157894736842105 0.4490691799999679 0.21278877999999313 0.33814204000004017 1.0004036212774015E-4 3.76356801117389E-5 4.645319063815989E-5
0.5789473684210527 0.5 0.3684210526315789 0.440615859999969 0.23766699999998955 0.3217171400000431 9.241980046073572E-5 4.421408100003382E-5 3.540406622140613E-5
0.5789473684210527 0.5 0.42105263157894735 0.4348780999999701 0.25811679999998866 0.30700510000004266 4.964240638818951E-5 2.7486025759845822E-5 2.819304798998279E-5
0.5789473684210527 0.5 0.47368421052631576 0.4282458399999674 0.2778778399999851 0.29387632000004543 1.0405535669558152E-4 4.24754189348453E-5 4.81297112567558E-5
0.5789473684210527 0.5 0.5263157894736842 0.42595891999996804 0.29488693999998355 0.2791541400000463 5.274765643531465E-5 3.494659143751799E-5 2.9072834860269237E-5
0.5789473684210527 0.5 0.5789473684210527 0.42533096999996817 0.3082061999999836 0.2664628300000483 7.508919785864654E-5 4.787033356004611E-5 3.1202661390922204E-5
0.5789473684210527 0.5 0.631578947368421 0.42116170999996916 0.3232309499999826 0.2556073400000503 3.723422087531514E-5 2.53387590965215E-5 1.9612188123144247E-5
0.5789473684210527 0.5 0.6842105263157895 0.42235551999997073 0.3338850099999793 0.2437594700000509 6.438740752612304E-5 4.89014822973588E-5 2.1297692318796024E-5
0.5789473684210527 0.5 0.7368421052631579 0.4248827899999697 0.3427043399999768 0.2324128700000521 7.165649281520858E-5 4.811903116254401E-5 2.137767936276347E-5
0.5789473684210527 0.5 0.7894736842105263 0.4215155699999699 0.3541177199999763 0.22436671000005345 4.675257657449361E-5 2.854231800131224E-5 1.925884277603762E-5
0.5789473684210527 0.5 0.8421052631578947 0.42323902999996954 0.3619533799999774 0.21480759000005314 3.809632965878773E-5 3.104167857562179E-5 1.5274027392084277E-5
0.5789473684210527 0.5 0.8947368421052632 0.42711535999996725 0.3677377999999754 0.20514684000005456 4.613013607157601E-5 3.4106963160140946E-5 1.857774401409218E-5
0.5789473684210527 0.5 0.9473684210526315 0.42742729999996854 0.3744536399999748 0.19811906000005614 3.791010471024259E-5 2.872963675121243E-5 1.804888871700938E-5
0.5789473684210527 0.5 1.0 0.4293477199999687 0.38014524999997584 0.19050703000005742 4.284609880123025E-5 3.453618943671799E-5 1.4894611578893102E-5

0.631578947368421 0.5 0.0 0.0927064200000126 1.4426999999999368E-4 0.9071493100001403 1.0967802655664771E-9 4.1984116710000535E-7 4.6104541295832746E-7
0.631578947368421 0.5 0.05263157894736842 0.8340814499999207 0.006186099999999917 0.15973245000007422 0.023104203404898827 3.400147079000109E-5 0.02305743018199192
0.631578947368421 0.5 0.10526315789473684 0.6293274399999478 0.06164625000000012 0.3090263100000525 0.005505235717045587 3.373920899376235E-4 0.004238319394782114
0.631578947368421 0.5 0.15789473684210525 0.5409947099999556 0.10887019000000192 0.35013510000004167 7.271253470170214E-4 1.3069740836381058E-4 5.176831779902108E-4
0.631578947368421 0.5 0.21052631578947367 0.47477826999996203 0.15567602999999905 0.3695457000000377 1.2048389281080207E-4 4.512887843923993E-5 8.460380350872043E-5
0.631578947368421 0.5 0.2631578947368421 0.44028310999996667 0.19302328999999468 0.3666936000000362 1.9843121173038214E-4 7.744100457558745E-5 7.978405304021052E-5
0.631578947368421 0.5 0.3157894736842105 0.41658809999996893 0.22625413999999117 0.35715776000003935 5.8723926388670744E-5 3.387565285995625E-5 3.0325607780823383E-5
0.631578947368421 0.5 0.3684210526315789 0.40260603999997086 0.25363693999998754 0.34375702000003844 8.712519151812814E-5 5.221764943802443E-5 3.558920271944099E-5
0.631578947368421 0.5 0.42105263157894735 0.39915531999997045 0.2746073299999847 0.32623735000003945 4.973074569797342E-5 3.714935327135682E-5 2.521207397976344E-5
0.631578947368421 0.5 0.47368421052631576 0.39295499999997113 0.2951963699999831 0.31184863000004337 5.158790100098787E-5 3.090990182370856E-5 2.843095612441171E-5
0.631578947368421 0.5 0.5263157894736842 0.39135151999997203 0.31243764999998264 0.29621083000004556 4.564803968795661E-5 2.4467573477238158E-5 2.6632179710217585E-5
0.631578947368421 0.5 0.5789473684210527 0.39238494999997336 0.32546350999997964 0.2821515400000468 6.648988849519699E-5 4.6711623480646947E-5 2.7507855628342015E-5
0.631578947368421 0.5 0.631578947368421 0.3910205499999734 0.34020004999997705 0.26877940000004735 4.6468734695964686E-5 3.650011499616024E-5 2.4303379639656342E-5
0.631578947368421 0.5 0.6842105263157895 0.38965658999997194 0.35342270999997694 0.2569207000000494 4.607535857131806E-5 3.3430789255425863E-5 2.134267350903385E-5
0.631578947368421 0.5 0.7368421052631579 0.38953415999997404 0.3648708499999742 0.24559499000004986 3.41195790929949E-5 2.640176527834992E-5 2.012200790005303E-5
0.631578947368421 0.5 0.7894736842105263 0.3931555399999726 0.3716330599999743 0.23521140000005178 4.1314643307449606E-5 3.897745703720923E-5 1.6446926039574705E-5
0.631578947368421 0.5 0.8421052631578947 0.39505811999997226 0.3797885099999749 0.2251533700000528 3.3075612064475957E-5 2.40262089800658E-5 2.3233748643186614E-5
0.631578947368421 0.5 0.8947368421052632 0.395983149999974 0.3878903799999755 0.21612647000005425 3.7862843074221164E-5 3.73421774521876E-5 1.633849233861895E-5
0.631578947368421 0.5 0.9473684210526315 0.3976799799999734 0.39447158999997195 0.20784843000005485 2.6006523198174314E-5 2.5501175871467385E-5 1.6578835534658554E-5
0.631578947368421 0.5 1.0 0.39940094999997205 0.4006669099999732 0.19993214000005521 3.0011652096179064E-5 2.9509754049722448E-5 1.6619437021012096E-5

0.6842105263157895 0.5 0.0 0.0846000000000148 1.2938999999999938E-4 0.9152706100000106 -3.604755383079805E-15 4.0680522789999927E-7 4.0680529123093834E-7
0.6842105263157895 0.5 0.05263157894736842 0.8649526499999257 8.775800000000036E-4 0.13416977000007668 0.02924106768696233 8.215405343599738E-6 0.028484621663141606
0.6842105263157895 0.5 0.10526315789473684 0.6190242399999454 0.06188537000000049 0.3190903900000506 0.00478791538042328 3.0453736496318393E-4 0.0038329437346470985
0.6842105263157895 0.5 0.15789473684210525 0.4982291299999632 0.11915202000000123 0.3826188500000364 3.6003295443989836E-4 6.008743192005041E-5 3.0035938167785603E-4
0.6842105263157895 0.5 0.21052631578947367 0.43590346999996704 0.1675428499999971 0.39655368000003366 1.9381494696127377E-4 6.68188708777516E-5 1.0042995645628827E-4
0.6842105263157895 0.5 0.2631578947368421 0.4094341699999704 0.20387197999999399 0.3866938500000342 1.2837380741104187E-4 5.319109887901019E-5 5.933995517834467E-5
0.6842105263157895 0.5 0.3157894736842105 0.38924882999997124 0.23641999999999092 0.37433117000003496 8.339234463144996E-5 4.432686399924446E-5 4.582031543115539E-5
0.6842105263157895 0.5 0.3684210526315789 0.3735324199999751 0.26529066999998746 0.3611769100000384 9.240017894412977E-5 6.242773795081535E-5 3.165166785049078E-5
0.6842105263157895 0.5 0.42105263157894735 0.37077297999997405 0.28716925999998416 0.3420577600000406 4.31748739199711E-5 2.8850645052785895E-5 2.1359357781733368E-5
0.6842105263157895 0.5 0.47368421052631576 0.3681985599999755 0.3075157099999822 0.32428573000004074 5.399629392593974E-5 4.1308998196015745E-5 2.4716643368394298E-5
0.6842105263157895 0.5 0.5263157894736842 0.3643350999999774 0.32536828999998124 0.31029661000004344 4.0420357989984224E-5 3.9451131475354284E-5 2.789061150895722E-5
0.6842105263157895 0.5 0.5789473684210527 0.3651328799999772 0.3399654499999783 0.29490167000004447 4.770195290568213E-5 3.140774329427054E-5 2.2411078211492796E-5
0.6842105263157895 0.5 0.631578947368421 0.3634031499999736 0.3555047599999763 0.2810920900000474 5.271863307920732E-5 3.3885005343070596E-5 2.9115018431127848E-5
0.6842105263157895 0.5 0.6842105263157895 0.3640358299999763 0.36802659999997533 0.26793757000004753 3.404393720995991E-5 2.9369880439333862E-5 1.9697709495281046E-5
0.6842105263157895 0.5 0.7368421052631579 0.3673138799999755 0.3768893599999747 0.25579676000004886 4.732498534520957E-5 4.5122552790100023E-5 2.433291350222022E-5
0.6842105263157895 0.5 0.7894736842105263 0.36804724999997485 0.38697332999997475 0.24497942000005107 3.069100243796585E-5 2.905292970931117E-5 1.8723746463417124E-5
0.6842105263157895 0.5 0.8421052631578947 0.3696041599999744 0.39531507999997206 0.23508076000005113 3.553936669445368E-5 3.063947259335231E-5 1.811400582251571E-5
0.6842105263157895 0.5 0.8947368421052632 0.37024204999997357 0.40356641999996984 0.22619153000005196 4.8595462798173283E-5 3.6337494382254754E-5 2.1626897259735545E-5
0.6842105263157895 0.5 0.9473684210526315 0.372927789999975 0.4100691799999723 0.21700303000005375 3.4405180716040595E-5 3.1011818125398216E-5 1.7944989818913237E-5
0.6842105263157895 0.5 1.0 0.3764721399999758 0.4158105599999726 0.20771730000005473 2.3204475821020365E-5 2.564321048451057E-5 1.7439570709473773E-5

0.7368421052631579 0.5 0.0 0.08530000000001564 1.3244999999999755E-4 0.9145675499998864 -5.134781488891349E-16 3.746859974999892E-7 3.746863875830897E-7
0.7368421052631579 0.5 0.05263157894736842 0.695997989999938 0.023509700000000168 0.28049231000006214 0.021075339372951474 3.861218839100025E-4 0.019433257081858613
0.7368421052631579 0.5 0.10526315789473684 0.5752532299999564 0.07145642000000121 0.353290350000045 0.0025458307175567074 2.331189447835752E-4 0.002148948607877066
0.7368421052631579 0.5 0.15789473684210525 0.4640541799999672 0.12817856000000136 0.4077672600000319 3.96150684526253E-4 9.020922632674289E-5 2.3117899209287862E-4
0.7368421052631579 0.5 0.21052631578947367 0.4132114199999722 0.17402933999999684 0.41275924000003195 3.340140595819163E-4 8.816099516411463E-5 1.6432690262194183E-4
0.7368421052631579 0.5 0.2631578947368421 0.3752336899999751 0.21550116999999178 0.4092651400000333 6.703779798503118E-5 3.242966763131877E-5 4.7028028780204956E-5
0.7368421052631579 0.5 0.3157894736842105 0.35629683999997636 0.25033335999998957 0.393369800000035 6.057622601415846E-5 4.1253469110699714E-5 3.0845489958908345E-5
0.7368421052631579 0.5 0.3684210526315789 0.3510060699999767 0.2758127799999869 0.3731811500000365 8.079636215380104E-5 4.438274867116232E-5 4.440399567723352E-5
0.7368421052631579 0.5 0.42105263157894735 0.34468346999997745 0.29944209999998433 0.3558744300000372 7.402545775714309E-5 4.1392905590270646E-5 3.2786835175407925E-5
0.7368421052631579 0.5 0.47368421052631576 0.33996364999997886 0.3212626299999799 0.33877372000004136 3.9135491674197054E-5 2.9795716484232182E-5 2.667246335984197E-5
0.7368421052631579 0.5 0.5263157894736842 0.3400657399999786 0.3382137599999781 0.3217205000000427 4.8515996249651194E-5 3.14359166599526E-5 2.8551527751538575E-5
0.7368421052631579 0.5 0.5789473684210527 0.34079541999997914 0.35309566999997827 0.30610891000004425 3.758039302065308E-5 2.762910224862747E-5 2.7005667611212925E-5
0.7368421052631579 0.5 0.631578947368421 0.33996782999997893 0.3685340499999757 0.29149812000004616 4.95496180881877E-5 3.925378959834802E-5 2.7699546465018154E-5
0.7368421052631579 0.5 0.6842105263157895 0.3413709899999778 0.38118442999997304 0.2774445800000479 3.022283741771492E-5 2.8738568576019974E-5 1.8800982622912965E-5
0.7368421052631579 0.5 0.7368421052631579 0.34347347999997824 0.3915797799999736 0.26494674000004775 3.836991468629536E-5 3.8246689150533975E-5 2.209168737228595E-5
0.7368421052631579 0.5 0.7894736842105263 0.34552266999997894 0.4010183099999734 0.25345902000004983 3.919279306791035E-5 3.869094574307508E-5 2.005199063870311E-5
0.7368421052631579 0.5 0.8421052631578947 0.3474576899999788 0.4096218199999715 0.24292049000005164 3.905743886030433E-5 3.62760858869382E-5 1.9998963159399696E-5
0.7368421052631579 0.5 0.8947368421052632 0.34798902999997716 0.41820693999996966 0.2338040300000519 4.484490265740937E-5 4.5282449835065686E-5 2.151011675877168E-5
0.7368421052631579 0.5 0.9473684210526315 0.35032742999997757 0.4252861199999667 0.22438645000005247 3.332849659293258E-5 2.9978563346411136E-5 1.731846739813636E-5
0.7368421052631579 0.5 1.0 0.35262147999997834 0.43163881999996845 0.21573970000005277 3.0654994607678954E-5 2.822361700974274E-5 1.694364591005304E-5

0.7894736842105263 0.5 0.0 0.07810032999998354 1.6910999999999264E-4 0.921730560000187 3.289526550459554E-11 5.102688079000371E-7 5.139438482570924E-7
0.7894736842105263 0.5 0.05263157894736842 0.8591604499999175 0.0012034099999999766 0.13963614000008187 0.030784508466819904 1.0768887371900213E-5 0.029828662099893214
0.7894736842105263 0.5 0.10526315789473684 0.5390864099999599 0.07734761000000165 0.38356598000004466 0.00302208108430857 2.8228184628803586E-4 0.0023205461986350595
0.7894736842105263 0.5 0.15789473684210525 0.4387922099999682 0.13346111000000116 0.42774668000002997 3.915701123148041E-4 8.57643825682465E-5 2.4754846298064015E-4
0.7894736842105263 0.5 0.21052631578947367 0.3815092299999739 0.18291932999999644 0.4355714400000311 1.8459716980717689E-4 7.051653335077984E-5 9.829009432762992E-5
0.7894736842105263 0.5 0.2631578947368421 0.35364009999997725 0.22314818999999222 0.4232117100000329 6.409709798776975E-5 3.5949824723498225E-5 3.410149387605976E-5
0.7894736842105263 0.5 0.3157894736842105 0.33838250999997926 0.2563294099999883 0.40528808000003125 6.643025509721345E-5 3.551244805287401E-5 3.767845991348162E-5
0.7894736842105263 0.5 0.3684210526315789 0.3263176999999813 0.28675454999998595 0.3869277500000353 5.1868002709370975E-5 4.363488129793813E-5 2.3463196938244835E-5
0.7894736842105263 0.5 0.42105263157894735 0.3222641299999805 0.3092663099999826 0.36846956000003583 3.1307900343793826E-5 2.906027598434391E-5 1.7975633406275282E-5
0.7894736842105263 0.5 0.47368421052631576 0.320739629999982 0.33131794999997966 0.3479424200000401 4.339836246290696E-5 3.202837479666931E-5 2.7564444544089794E-5
0.7894736842105263 0.5 0.5263157894736842 0.31934224999998245 0.3489539799999778 0.3317037700000414 3.913319593715214E-5 3.0690346157116744E-5 2.1727732787121812E-5
0.7894736842105263 0.5 0.5789473684210527 0.31907659999998234 0.36630660999997533 0.31461679000004367 3.648838643970087E-5 2.8456163308016036E-5 2.205178309697131E-5
0.7894736842105263 0.5 0.631578947368421 0.32071494999998196 0.3787672399999741 0.3005178100000445 2.8684517497948314E-5 2.7849270783586455E-5 1.4747161803330133E-5
0.7894736842105263 0.5 0.6842105263157895 0.3222082899999813 0.3918251599999726 0.2859665500000471 3.842909827535268E-5 3.492067497348761E-5 2.1851118097160338E-5
0.7894736842105263 0.5 0.7368421052631579 0.32476225999998254 0.40265148999997197 0.2725862500000478 3.877114969101647E-5 3.692908177771459E-5 1.6441827937030418E-5
0.7894736842105263 0.5 0.7894736842105263 0.3266321599999794 0.4128209499999734 0.2605468900000486 2.8559221734697493E-5 2.3662630094095638E-5 2.0134262327359265E-5
0.7894736842105263 0.5 0.8421052631578947 0.32718919999998136 0.421670259999969 0.25114054000004954 3.3272869359599055E-5 2.777013153104635E-5 1.6718362507994744E-5
0.7894736842105263 0.5 0.8947368421052632 0.32874495999998044 0.4312231299999682 0.24003191000005072 3.163164059738488E-5 3.368258800498514E-5 1.6422624751641357E-5
0.7894736842105263 0.5 0.9473684210526315 0.3319839099999773 0.43627111999996626 0.23174497000005137 2.435482811193046E-5 2.4080089948530503E-5 1.5723974699635712E-5
0.7894736842105263 0.5 1.0 0.33191511999997886 0.4450391899999667 0.22304569000005262 4.093170338495544E-5 3.323241914565678E-5 2.0297859424200926E-5

0.8421052631578947 0.5 0.0 0.07359999999999098 7.754000000000072E-5 0.9263224599998428 2.4572358037211472E-15 1.53109548400001E-7 1.531099768081745E-7
0.8421052631578947 0.5 0.05263157894736842 0.7089711599999364 0.023592470000000264 0.2674363700000612 0.0292718227582488 6.127317482991067E-4 0.025930447032216156
0.8421052631578947 0.5 0.10526315789473684 0.5049295299999607 0.08383515000000129 0.41123532000003704 0.0020259737349787033 2.1292080947747476E-4 0.0015434672004997763
0.8421052631578947 0.5 0.15789473684210525 0.4137461899999707 0.13936524000000056 0.44688857000002674 2.215868134839427E-4 6.383564974250452E-5 1.404782883583089E-4
0.8421052631578947 0.5 0.21052631578947367 0.36437428999997407 0.18782974999999566 0.4477959600000284 1.672177719977408E-4 6.138444593714598E-5 9.693010768119237E-5
0.8421052631578947 0.5 0.2631578947368421 0.33227879999997956 0.2309325599999912 0.43678864000002743 1.2408106655935336E-4 5.376449784542242E-5 6.255193895426947E-5
0.8421052631578947 0.5 0.3157894736842105 0.3195070799999818 0.2639180199999856 0.4165749000000316 5.600489987345192E-5 3.680477928055814E-5 3.284971798908631E-5
0.8421052631578947 0.5 0.3684210526315789 0.3099004399999823 0.29306922999998414 0.3970303300000336 4.918866980709036E-5 3.275732820789967E-5 2.4694127089802675E-5
0.8421052631578947 0.5 0.42105263157894735 0.3037106799999828 0.3180662199999813 0.37822310000003545 4.579145393830697E-5 3.493140691303298E-5 3.1779108389751176E-5
0.8421052631578947 0.5 0.47368421052631576 0.30209113999998194 0.340469119999978 0.3574397400000383 4.676949550164178E-5 3.6925708423035664E-5 2.6299196731693897E-5
0.8421052631578947 0.5 0.5263157894736842 0.3026812799999825 0.35755086999997615 0.3397678500000415 3.545304156286899E-5 3.318528124346409E-5 1.8730179377202116E-5
0.8421052631578947 0.5 0.5789473684210527 0.30139708999998216 0.3753307399999744 0.32327217000004094 2.438703253258845E-5 3.160139505237192E-5 1.6905442493331257E-5
0.8421052631578947 0.5 0.631578947368421 0.3034141399999836 0.3898189299999735 0.30676693000004485 4.372642406048899E-5 3.5488858653870414E-5 2.6500785373639868E-5
0.8421052631578947 0.5 0.6842105263157895 0.30571429999998284 0.4014424199999717 0.2928432800000457 3.545927351085443E-5 3.3341784542284536E-5 1.637778284102609E-5
0.8421052631578947 0.5 0.7368421052631579 0.30638527999998266 0.4131307399999733 0.2804839800000473 3.765101732197684E-5 4.172210104924634E-5 2.0475407358749864E-5
0.8421052631578947 0.5 0.7894736842105263 0.30829362999998006 0.4229565799999719 0.2687497900000482 2.3054816424158964E-5 2.6450928699683907E-5 2.0196437955130597E-5
0.8421052631578947 0.5 0.8421052631578947 0.3104399399999827 0.43227084999996934 0.25728921000004795 2.825209679689633E-5 2.7921595277896616E-5 1.5442454576061748E-5
0.8421052631578947 0.5 0.8947368421052632 0.31159474999998027 0.4417564299999688 0.2466488200000503 2.840922143802771E-5 2.7803476654764125E-5 1.8270392607204478E-5
0.8421052631578947 0.5 0.9473684210526315 0.31284994999998367 0.4496579599999713 0.2374920900000519 4.0981009996582385E-5 3.8906530635929304E-5 1.978436643057524E-5
0.8421052631578947 0.5 1.0 0.3140787699999825 0.4580262699999658 0.22789496000005208 3.244350428727172E-5 2.9153722884589506E-5 1.8632376599006517E-5

0.8947368421052632 0.5 0.0 0.06340000000000387 1.3793999999999978E-4 0.9364620599999579 6.288372600415926E-16 4.008985564000026E-7 4.0089875719129253E-7
0.8947368421052632 0.5 0.05263157894736842 0.6398625999999447 0.027808189999999813 0.3323292100000536 0.017956539979233244 4.5158235592392755E-4 0.01644082496577208
0.8947368421052632 0.5 0.10526315789473684 0.4840319199999627 0.08628596000000215 0.4296821200000382 0.0014300125531133134 1.8889908487831637E-4 0.0011726643843046614
0.8947368421052632 0.5 0.15789473684210525 0.40108824999997184 0.14308960999999998 0.4558221400000284 3.82206054934664E-4 1.1147624304777212E-4 2.143070518182688E-4
0.8947368421052632 0.5 0.21052631578947367 0.3433095199999787 0.19510718999999588 0.4615832900000281 1.637105753675011E-4 6.4395903302851E-5 8.560478377289682E-5
0.8947368421052632 0.5 0.2631578947368421 0.31376383999998103 0.2378342799999898 0.44840188000002795 4.7196800454743504E-5 2.353855488193557E-5 2.7669522466522434E-5
0.8947368421052632 0.5 0.3157894736842105 0.30265949999998115 0.26979618999998617 0.4275443100000293 5.8907979751804396E-5 4.712840848410116E-5 4.100776362736536E-5
0.8947368421052632 0.5 0.3684210526315789 0.28893100999998494 0.30177919999998326 0.40928979000003174 4.324728937885047E-5 2.3943419360905605E-5 2.7422892753564687E-5
0.8947368421052632 0.5 0.42105263157894735 0.2891224399999833 0.32466427999998165 0.38621328000003374 4.647419844684697E-5 3.93384780813244E-5 2.9016023641581512E-5
0.8947368421052632 0.5 0.47368421052631576 0.28595566999998556 0.3481748199999786 0.3658695100000385 4.323711185109935E-5 3.6066601963674616E-5 2.7295993358544823E-5
0.8947368421052632 0.5 0.5263157894736842 0.2859418299999847 0.36628083999997274 0.34777733000003924 3.8481199250442466E-5 3.4177420897590904E-5 2.2111437071051232E-5
0.8947368421052632 0.5 0.5789473684210527 0.2873986799999842 0.3818888199999739 0.3307125000000405 3.91134702583118E-5 4.314236900834767E-5 2.322926975110995E-5
0.8947368421052632 0.5 0.631578947368421 0.28698475999998474 0.39882151999997156 0.3141937200000427 3.167477974208577E-5 2.9627182888541936E-5 1.763021856431013E-5
0.8947368421052632 0.5 0.6842105263157895 0.2898679499999851 0.4099796299999702 0.3001524200000439 4.505839979757065E-5 4.6006882062105126E-5 1.894323414305954E-5
0.8947368421052632 0.5 0.7368421052631579 0.29211462999998433 0.4205964799999702 0.28728889000004626 3.0453784963205277E-5 3.2356601608551916E-5 2.2365881568162105E-5
0.8947368421052632 0.5 0.7894736842105263 0.292001439999983 0.4338885599999687 0.2741100000000471 2.7919413927615655E-5 3.440581512656471E-5 1.7170847999792294E-5
0.8947368421052632 0.5 0.8421052631578947 0.29477435999998414 0.4430511999999669 0.2621744400000478 2.990353059065254E-5 2.817060056173326E-5 2.0654598685818093E-5
0.8947368421052632 0.5 0.8947368421052632 0.2976511499999825 0.4494905299999679 0.25285832000004976 2.187890667894321E-5 2.6030983318742207E-5 1.858221677653038E-5
0.8947368421052632 0.5 0.9473684210526315 0.29909191999998214 0.4585450499999642 0.24236303000005033 2.9507282715210414E-5 3.0890921498466506E-5 1.9118930218824104E-5
0.8947368421052632 0.5 1.0 0.2997737099999828 0.46671239999996367 0.23351389000005118 2.5419961836636862E-5 2.891536024238195E-5 1.9763040067864723E-5

0.9473684210526315 0.5 0.0 0.06260000000000651 1.2060999999999996E-4 0.9372793899998143 -7.979727989493313E-17 4.5157622789999855E-7 4.515766769408458E-7
0.9473684210526315 0.5 0.05263157894736842 0.6324181199999472 0.02905882000000022 0.3385230600000505 0.022161912209659684 5.945001682075884E-4 0.01977848597223461
0.9473684210526315 0.5 0.10526315789473684 0.45954829999996566 0.09278787000000191 0.44766383000003124 0.002063437871107354 3.313086198630435E-4 0.0014305552987328163
0.9473684210526315 0.5 0.15789473684210525 0.37806703999997615 0.14919760000000046 0.47273536000002536 2.829271756356333E-4 8.02020002398339E-5 1.5694288566633907E-4
0.9473684210526315 0.5 0.21052631578947367 0.3262193199999791 0.199932969999994 0.4738477100000267 1.2656483273819352E-4 5.549332997878409E-5 6.495201075332191E-5
0.9473684210526315 0.5 0.2631578947368421 0.3016444599999835 0.2412616899999898 0.45709385000002795 6.482137530859633E-5 3.4483673344284926E-5 3.3985179173467994E-5
0.9473684210526315 0.5 0.3157894736842105 0.28615482999998576 0.2750128799999851 0.43883229000002844 8.546765867069317E-5 6.034981410604767E-5 4.070028036093354E-5
0.9473684210526315 0.5 0.3684210526315789 0.2782564199999868 0.3067635899999803 0.41497999000003044 4.000767878284406E-5 2.972427731386118E-5 3.0706082601889007E-5
0.9473684210526315 0.5 0.42105263157894735 0.2720957799999861 0.3333207999999798 0.3945834200000322 3.380842619185587E-5 2.5987569358260076E-5 2.1215661104245775E-5
0.9473684210526315 0.5 0.47368421052631576 0.2721626799999863 0.3539385999999773 0.37389872000003715 2.7976519217445817E-5 2.9341364039231488E-5 1.888988835926919E-5
0.9473684210526315 0.5 0.5263157894736842 0.2715120999999859 0.3741649899999727 0.35432291000003685 2.7617679590211108E-5 2.3204969301998668E-5 2.143307213342549E-5
0.9473684210526315 0.5 0.5789473684210527 0.27184333999998544 0.3914406999999736 0.3367159600000415 3.3775489644630174E-5 2.5005841506969828E-5 1.9155329277043E-5
0.9473684210526315 0.5 0.631578947368421 0.27299891999998527 0.40636084999997113 0.32064023000004244 2.8335572834187195E-5 3.101686027423556E-5 2.183368254836393E-5
0.9473684210526315 0.5 0.6842105263157895 0.2759929599999849 0.41818817999996905 0.30581886000004393 2.954668443864994E-5 2.574052628726009E-5 1.6845532298789823E-5
0.9473684210526315 0.5 0.7368421052631579 0.2787852999999854 0.42868170999996985 0.29253299000004523 3.145632791023978E-5 2.863612647477365E-5 1.9897072660229886E-5
0.9473684210526315 0.5 0.7894736842105263 0.2795224599999843 0.44074945999996606 0.2797280800000469 2.2003457548880334E-5 2.626686571155501E-5 2.0177459513492924E-5
0.9473684210526315 0.5 0.8421052631578947 0.2814531999999859 0.4509513299999688 0.26759547000004785 2.4677353759758325E-5 2.623320622907599E-5 2.230598447915122E-5
0.9473684210526315 0.5 0.8947368421052632 0.28202177999998596 0.4604433099999657 0.25753491000004824 3.1424601631468985E-5 3.0617501243029865E-5 1.997243829136852E-5
0.9473684210526315 0.5 0.9473684210526315 0.28285270999998746 0.47013374999996793 0.24701354000005013 2.7373516654341512E-5 3.2278679936742494E-5 1.803149066793852E-5
0.9473684210526315 0.5 1.0 0.28606811999998466 0.4760718899999651 0.23785999000005167 3.0319095665767848E-5 3.856829282758434E-5 2.0467426199349825E-5

1.0 0.5 0.0 0.0639000000000052 9.56299999999977E-5 0.9360043699998918 -8.968520370800093E-16 1.861939031000031E-7 1.8619395569796637E-7
1.0 0.5 0.05263157894736842 0.6257337299999455 0.027607850000000395 0.34665842000005614 0.01696234669128527 5.632394773775292E-4 0.01532251085909786
1.0 0.5 0.10526315789473684 0.45338289999996656 0.0930661900000015 0.45355091000003106 9.762654275896065E-4 1.6887223388392485E-4 7.38334995172174E-4
1.0 0.5 0.15789473684210525 0.35953681999997616 0.152592589999999 0.4878705900000233 2.9604336228603034E-4 9.131149409216666E-5 1.64823936050551E-4
1.0 0.5 0.21052631578947367 0.3134870199999812 0.20346619999999369 0.4830467800000232 1.292516515196407E-4 3.995494155975554E-5 7.877610362727605E-5
1.0 0.5 0.2631578947368421 0.28685471999998385 0.24569674999998906 0.4674485300000281 3.7790511721536024E-5 2.3207646439510343E-5 2.722559183715445E-5
1.0 0.5 0.3157894736842105 0.2732949799999859 0.2806982999999857 0.44600672000002733 4.518032079985079E-5 2.9217383110138884E-5 2.7326364845342566E-5
1.0 0.5 0.3684210526315789 0.26541907999998654 0.3118960699999818 0.4226848500000319 4.115300795390353E-5 4.447138955550323E-5 3.463879347676002E-5
1.0 0.5 0.42105263157894735 0.2594007999999876 0.33904516999997875 0.40155403000003226 3.590256536049885E-5 3.6654640668210003E-5 2.4599435757138854E-5
1.0 0.5 0.47368421052631576 0.2598185399999883 0.3609949599999771 0.37918650000003606 3.567931226898524E-5 3.984922659824863E-5 3.149742974811742E-5
1.0 0.5 0.5263157894736842 0.25967725999998914 0.378913489999975 0.36140925000003865 3.862054489191247E-5 4.169709101978225E-5 2.3837411435134737E-5
1.0 0.5 0.5789473684210527 0.258593939999988 0.39805383999996974 0.34335222000004256 2.8303311276442478E-5 3.450563525528305E-5 1.878546706950146E-5
1.0 0.5 0.631578947368421 0.26053474999998777 0.41257906999997074 0.3268861800000417 3.391580543797568E-5 3.468107093462791E-5 1.9997661008477885E-5
1.0 0.5 0.6842105263157895 0.26312325999998687 0.42550113999996975 0.3113756000000429 2.813338697321699E-5 3.3597392698925255E-5 2.083226864132981E-5
1.0 0.5 0.7368421052631579 0.263823459999988 0.4383160899999701 0.2978604500000456 2.5925997628753472E-5 3.24601821116155E-5 1.8174360795847333E-5
1.0 0.5 0.7894736842105263 0.26625928999998766 0.4487656699999711 0.28497504000004653 2.7535799695485585E-5 2.9231052447481476E-5 2.0588168998150747E-5
1.0 0.5 0.8421052631578947 0.2675653299999856 0.459631089999964 0.2728035800000481 2.3666878991468465E-5 3.287897641218729E-5 2.0509521182987545E-5
1.0 0.5 0.8947368421052632 0.2697344099999854 0.4683832299999653 0.2618823600000487 1.9655286952288686E-5 2.6960675766768416E-5 2.1505524829504297E-5
1.0 0.5 0.9473684210526315 0.2719779999999864 0.4768251199999668 0.25119688000005036 2.9561521999996176E-5 3.108366898357806E-5 2.212141426444214E-5
1.0 0.5 1.0 0.2732025899999865 0.48470761999996326 0.242089790000052 2.267397829139317E-5 2.7243049934150276E-5 1.753406475493019E-5

